0.050939 0.810812 0.576419 0 0.7 0 0.0559178 -0.312211 0 0 0.050939 0.110812 0.576419
0.050939 0.810812 0.576419 0 0.7 0 0.0602152 -0.335209 0 0 0.050939 0.110812 0.576419
0.0714856 0.834673 0.565976 2.54689e-05 0.7 -0.00269789 0.0600476 -0.071118 -0.0122251 -0.0567976 0.0710965 0.134865 0.568674
0.0923279 0.833201 -0.251832 0.00101363 0.699992 -0.0107442 0.072873 -0.110482 0.000679172 -0.0993958 0.0898778 0.134182 -0.241088
0.0908354 0.828329 0.271815 0.00392696 0.69995 -0.0185539 0.104798 -0.369997 0.0263179 -0.0386539 0.0845117 0.12997 0.290368
0.118178 0.833553 -0.306383 0.0083065 0.699851 -0.0276178 0.127911 -0.0915953 0.0405805 -0.0891407 0.106137 0.136685 -0.278765
0.141766 0.83595 -0.265144 0.0142246 0.69965 -0.0413794 0.15636 -0.16556 0.0548432 -0.160138 0.121794 0.14146 -0.223765
0.14033 0.836604 -0.195809 0.0219125 0.699284 -0.0551292 0.145533 -0.32905 0.0718225 -0.166449 0.110671 0.143637 -0.14068
0.169063 0.831798 -0.272627 0.0318318 0.698675 -0.0684529 0.19781 -0.151267 0.0981404 -0.149883 0.127804 0.142198 -0.204174
0.197573 0.823808 -0.327909 0.0432089 0.697811 -0.0847113 0.210928 -0.146013 0.116138 -0.173548 0.14315 0.138606 -0.243198
0.191317 0.828079 -0.563029 0.0563991 0.696593 -0.100721 0.20952 -0.0961302 0.135495 -0.168815 0.121013 0.144386 -0.462308
0.22528 0.810452 -0.383537 0.0716542 0.694936 -0.11666 0.237545 -0.123604 0.157738 -0.164871 0.139136 0.132612 -0.266878
0.217473 0.816434 -0.632312 0.0888317 0.692789 -0.133356 0.252021 -0.0240177 0.177264 -0.170393 0.111059 0.139651 -0.498956
0.245389 0.801754 -0.663108 0.107952 0.690089 -0.148833 0.275134 0.0466469 0.199167 -0.169604 0.119359 0.13081 -0.514275
0.279828 0.777132 -0.418837 0.129261 0.686729 -0.165281 0.26574 -0.0544834 0.219712 -0.176704 0.133641 0.113944 -0.253556
0.274907 0.785282 -0.651213 0.152127 0.682749 -0.180226 0.302404 0.151339 0.234824 -0.144361 0.102412 0.122881 -0.470987
0.305129 0.768569 -0.574168 0.176347 0.678174 -0.193289 0.30818 0.252724 0.246539 -0.113595 0.10902 0.113449 -0.380879
0.33747 0.751603 -0.0892569 0.201157 0.673241 -0.198472 0.309788 -0.00258016 0.253841 -0.02761 0.118185 0.103701 0.109215
0.334884 0.753217 -0.396341 0.226598 0.668125 -0.1982 0.315432 0.371327 0.265556 0.011044 0.0894106 0.104748 -0.198141
0.365071 0.741116 -0.147999 0.253453 0.662752 -0.194922 0.315797 0.324712 0.275065 0.0615307 0.0943257 0.0984991 0.0469231
0.401865 0.735976 0.0563859 0.280256 0.657583 -0.183657 0.332539 0.199239 0.269801 0.134894 0.105247 0.0992842 0.240043
0.396972 0.733449 0.0931427 0.308722 0.652519 -0.166807 0.329902 0.255207 0.290516 0.156982 0.0735878 0.0944598 0.25995
0.437499 0.738396 0.176926 0.338949 0.647658 -0.150348 0.367622 0.182607 0.315136 0.189325 0.0838473 0.104475 0.327274
0.478019 0.749746 0.254139 0.370707 0.643138 -0.130883 0.36958 0.135231 0.324474 0.182226 0.0924812 0.119702 0.385022
0.470397 0.736421 0.330182 0.404499 0.638989 -0.111548 0.402904 0.114453 0.352321 0.210624 0.054642 0.104162 0.441731
0.520037 0.760924 0.263441 0.440425 0.635281 -0.0920594 0.408337 0.134542 0.36913 0.189325 0.0677246 0.13243 0.3555
0.566911 0.77191 0.209647 0.478435 0.632107 -0.0729139 0.429145 0.181063 0.390864 0.198792 0.0780568 0.145877 0.282561
0.558988 0.758215 0.293836 0.518377 0.629544 -0.0538512 0.467583 0.0624675 0.407673 0.209047 0.0336273 0.130671 0.347687
0.616167 0.782163 0.0927641 0.560487 0.627648 -0.0342916 0.46141 0.222988 0.430425 0.190114 0.0503499 0.156333 0.127056
0.668491 0.785093 -0.0148812 0.604706 0.626529 -0.0148857 0.482789 0.0841416 0.450291 0.159349 0.0614169 0.159496 4.50034e-06
0.656448 0.781629 0.106506 0.650631 0.626249 0.00435448 0.522942 0.0652921 0.46727 0.201947 0.00649437 0.155353 0.102152
0.71928 0.78508 -0.147849 0.697719 0.626803 0.0201868 0.501874 0.0834879 0.479156 0.164082 0.0247519 0.15781 -0.168036
0.707677 0.787943 0.00655071 0.746011 0.628098 0.0340312 0.54126 0.00640113 0.494607 0.130161 -0.0328727 0.161057 -0.0274805
0.760885 0.789506 -0.0910148 0.796004 0.630048 0.0450831 0.540122 -0.00326507 0.501738 0.10334 -0.0278962 0.16088 -0.136098
0.822818 0.778405 -0.277814 0.847773 0.632631 0.054502 0.541363 0.0380754 0.531282 0.0844075 -0.0169772 0.146917 -0.332316
0.81443 0.786918 -0.198068 0.900619 0.635659 0.0605013 0.547127 0.00468145 0.536546 0.0915072 -0.0768857 0.156194 -0.25857
0.86606 0.780551 -0.31216 0.954831 0.639044 0.0634477 0.530898 -0.0298539 0.537565 0 -0.0796201 0.14685 -0.375608
0.924173 0.760376 -0.34348 1.00889 0.642482 0.0635541 0.534429 -0.0422985 0.544017 -0.00631075 -0.0770595 0.123037 -0.407034
0.914238 0.770839 -0.421149 1.06199 0.645803 0.0606551 0.500845 -0.00878208 0.529585 -0.0370762 -0.139906 0.133762 -0.481804
0.957113 0.757692 -0.483075 1.115 0.648914 0.0562888 0.480474 0.0392051 0.52466 -0.0425983 -0.151516 0.117488 -0.539364
1.01041 0.737833 -0.152583 1.16582 0.651685 0.052171 0.464261 -0.0520605 0.504116 -0.0212991 -0.150704 0.0941352 -0.204754
0.996738 0.742311 -0.487996 1.21484 0.654159 0.0484555 0.426542 0.109608 0.480005 -0.0212992 -0.213578 0.0986137 -0.536451
1.04512 0.725884 -0.026381 1.262 0.656381 0.0453671 0.398331 0.0562745 0.45929 -0.0560087 -0.213496 0.079267 -0.0717481
1.07848 0.711609 0.0403386 1.30715 0.658367 0.0422077 0.37204 0.127144 0.448254 -0.0410205 -0.226213 0.0628425 -0.00186913
1.06931 0.713085 -0.284874 1.35029 0.660131 0.0392377 0.357214 0.270671 0.427029 -0.00709969 -0.278685 0.0639362 -0.324111
1.10818 0.706546 0.112078 1.39176 0.661729 0.038504 0.331966 0.235594 0.417181 0.0118328 -0.281642 0.0556995 0.0735743
1.13708 0.704384 0.522728 1.43205 0.663334 0.0411901 0.315822 -0.0448582 0.396467 0.0418093 -0.293027 0.0531617 0.481538
1.13388 0.701042 0.297627 1.47041 0.664981 0.0449648 0.288833 0.200057 0.381865 0.0418093 -0.334575 0.0511522 0.252662
1.16377 0.709809 0.616336 1.50678 0.666671 0.0482425 0.28682 -0.108923 0.357924 0.0378651 -0.340534 0.0596291 0.568094
1.18976 0.723957 0.670559 1.54105 0.668378 0.0515793 0.265681 0.0355783 0.33602 0.0244545 -0.347951 0.0736161 0.618979
1.18335 0.714503 0.610241 1.57338 0.670097 0.054999 0.242525 -0.0524486 0.316664 0.0354985 -0.386995 0.065779 0.555242
1.21567 0.742636 0.699283 1.60353 0.671803 0.0582649 0.227953 0.0418061 0.293233 0.0228768 -0.38308 0.0932983 0.641019
1.2081 0.728194 0.605354 1.63174 0.673489 0.0613651 0.222086 -0.0546438 0.275744 0.0347097 -0.419489 0.080583 0.543989
1.23698 0.744568 0.577707 1.65787 0.67513 0.0645718 0.221849 -0.0619347 0.256387 0.0315542 -0.415537 0.0964526 0.513136
1.27628 0.78 0.687636 1.68193 0.676721 0.0672223 0.186247 0.10024 0.238729 0.0157771 -0.397797 0.130294 0.620414
1.27271 0.763884 0.534737 1.70486 0.678263 0.066749 0.20821 -0.0909036 0.225485 -0.00946626 -0.425474 0.114254 0.467988
1.31175 0.784547 0.453726 1.72633 0.679681 0.063708 0.210847 -0.108335 0.212581 -0.0394428 -0.407058 0.131047 0.390018
1.3594 0.806455 -0.00548182 1.74748 0.680949 0.0543127 0.20677 -0.101736 0.209694 -0.109651 -0.380689 0.146388 -0.0597945
1.35323 0.804783 0.341311 1.76828 0.681983 0.044101 0.222184 -0.135909 0.207657 -0.0954515 -0.409234 0.140979 0.29721
1.39732 0.822508 0.219524 1.78934 0.682817 0.0344099 0.236845 -0.0989647 0.212411 -0.0938738 -0.38698 0.153095 0.185114
1.45059 0.826929 -0.0554699 1.81184 0.683454 0.0210861 0.250624 -0.157291 0.230409 -0.13805 -0.358151 0.15106 -0.076556
1.4446 0.835919 0.116511 1.83562 0.683842 0.0104602 0.264749 -0.0862435 0.236012 -0.108862 -0.389402 0.156159 0.106051
1.50571 0.838329 0.0265311 1.86085 0.683946 -0.00324219 0.269432 -0.177261 0.255878 -0.150671 -0.355634 0.153231 0.0297733
1.55728 0.842208 0.0196957 1.8869 0.683718 -0.0164003 0.271813 -0.16581 0.261651 -0.145938 -0.332176 0.153063 0.036096
1.54686 0.851435 -0.0747235 1.91379 0.683082 -0.0324338 0.279896 -0.0376015 0.271329 -0.159349 -0.372199 0.156366 -0.0422897
1.60858 0.84261 -0.016039 1.94077 0.682018 -0.0464912 0.271067 -0.107023 0.270141 -0.108073 -0.339296 0.14498 0.0304522
1.65361 0.842087 -0.0450072 1.96782 0.680615 -0.0566674 0.270631 -0.0587011 0.278461 -0.0662639 -0.32285 0.143416 0.0116602
1.64143 0.852607 -0.156707 1.99486 0.678962 -0.0651752 0.249937 0.175546 0.273027 -0.0678416 -0.363991 0.150258 -0.0915317
1.69103 0.848399 0.0946264 2.02194 0.677135 -0.0687251 0.238466 0.0501878 0.271669 -0.00473313 -0.341887 0.148136 0.163351
1.72639 0.854671 0.353368 2.0484 0.675349 -0.0655657 0.212088 0.242093 0.260632 0.0339208 -0.333065 0.157839 0.418934
1.71739 0.849468 0.0806315 2.0734 0.673757 -0.0598741 0.212029 0.342013 0.248577 0.0694193 -0.365884 0.154093 0.140506
1.76281 0.856799 0.466107 2.09718 0.67245 -0.0457221 0.175211 0.39373 0.230239 0.192481 -0.342442 0.168873 0.511829
1.75294 0.851226 0.293093 2.12127 0.671508 -0.0301146 0.192552 0.382719 0.232786 0.169604 -0.373572 0.168546 0.323208
1.78913 0.859311 0.495375 2.14381 0.671037 -0.00833031 0.181244 0.360139 0.224636 0.239023 -0.356234 0.185313 0.503705
1.82544 0.881425 0.796935 2.1651 0.671102 0.0176191 0.160993 0.319821 0.208506 0.247701 -0.335899 0.216274 0.779316
1.82426 0.873413 0.661107 2.18475 0.671683 0.0446216 0.155308 0.302376 0.191866 0.277677 -0.351133 0.21761 0.616485
1.85704 0.893047 0.751527 2.20226 0.672675 0.0719673 0.144458 0.219061 0.17234 0.264267 -0.328484 0.244626 0.67956
1.8779 0.919666 0.824547 2.21793 0.673984 0.0979995 0.154215 0.22407 0.156549 0.260322 -0.314365 0.277774 0.726547
1.88731 0.915564 0.770221 2.23305 0.675636 0.121677 0.149574 0.156912 0.154172 0.236657 -0.314063 0.280119 0.648544
1.91689 0.940297 0.730108 2.24834 0.677654 0.141722 0.166661 0.111732 0.153323 0.188536 -0.29103 0.306827 0.588387
1.95747 0.982509 0.559098 2.26345 0.679927 0.158087 0.17446 0.0949617 0.155021 0.174337 -0.254529 0.346979 0.401012
1.94703 0.965972 0.65063 2.27984 0.682632 0.170109 0.206864 0.0672842 0.168944 0.128583 -0.280045 0.335593 0.480521
1.98878 1.00345 0.219583 2.29761 0.685768 0.179599 0.205007 0.142812 0.185584 0.100185 -0.247115 0.367737 0.0399843
2.03162 1.02281 0.188058 2.31687 0.689355 0.190343 0.229901 0.0985584 0.200865 0.130161 -0.217012 0.381398 -0.00228461
2.02367 1.02072 0.447842 2.3374 0.693442 0.204495 0.265873 0.106887 0.216316 0.146727 -0.240729 0.384168 0.243347
2.0759 1.03926 0.173922 2.35947 0.698167 0.217831 0.256014 0.0919451 0.228711 0.125428 -0.203156 0.394319 -0.0439085
2.12063 1.0563 0.190853 2.3834 0.70361 0.230575 0.27122 0.0978451 0.251803 0.130161 -0.175215 0.403407 -0.0397217
2.11352 1.06668 0.192534 2.40869 0.709666 0.240159 0.281196 0.145529 0.266405 0.098607 -0.201782 0.416976 -0.0476251
2.16076 1.07264 0.103413 2.43513 0.716274 0.251507 0.289255 0.145279 0.274216 0.127006 -0.177047 0.413435 -0.148093
2.20065 1.08464 0.104059 2.46267 0.723541 0.265978 0.296526 0.20528 0.288648 0.148305 -0.15788 0.417276 -0.161919
2.19445 1.08912 0.0555769 2.49047 0.731325 0.282024 0.267438 0.345991 0.291195 0.172759 -0.184754 0.426039 -0.226447
2.24049 1.09355 0.305664 2.51856 0.73975 0.304056 0.275727 0.219521 0.291535 0.224824 -0.159381 0.420821 0.00160742
2.22805 1.09496 0.0971011 2.54542 0.748502 0.328065 0.250396 0.436715 0.280838 0.238234 -0.188811 0.430244 -0.230964
2.25938 1.10108 0.189584 2.57149 0.757681 0.352689 0.245361 0.493592 0.277781 0.283988 -0.174278 0.43007 -0.163105
2.29383 1.1151 0.541732 2.59718 0.767554 0.38607 0.221416 0.514021 0.271669 0.350252 -0.150155 0.436187 0.155662
2.29144 1.10916 0.329271 2.62151 0.777904 0.422834 0.229514 0.591381 0.26216 0.389695 -0.165067 0.437528 -0.093564
2.32523 1.12082 0.525604 2.64416 0.788577 0.462841 0.220455 0.584016 0.250954 0.41336 -0.137029 0.439691 0.0627627
2.36093 1.14452 0.825651 2.66593 0.800021 0.511155 0.207817 0.481973 0.241106 0.470158 -0.097497 0.449666 0.314496
2.35765 1.13732 0.761339 2.68572 0.811699 0.561148 0.210606 0.574949 0.233126 0.521433 -0.104479 0.450276 0.200191
2.38534 1.15746 0.96971 2.70381 0.823663 0.613935 0.209528 0.450821 0.218693 0.536422 -0.0680199 0.456307 0.355775
2.40226 1.18768 1.00385 2.72077 0.836262 0.668673 0.234962 0.436264 0.20528 0.5309 -0.0320614 0.473197 0.335177
2.4087 1.18168 1.07689 2.73738 0.849988 0.717448 0.244534 0.336056 0.224127 0.515912 -0.0295771 0.466012 0.359444
2.42567 1.22185 0.939253 2.75395 0.865072 0.763798 0.269072 0.37763 0.223787 0.457536 0.0096799 0.484728 0.175456
2.45154 1.2567 0.933951 2.77092 0.881908 0.802751 0.292569 0.337603 0.247049 0.417305 0.0476953 0.490096 0.131199
2.44845 1.24126 1.01903 2.78824 0.900478 0.841101 0.331003 0.222984 0.265896 0.418093 0.0274964 0.480453 0.177929
2.4776 1.29385 0.776627 2.80633 0.921472 0.881167 0.32007 0.370547 0.281687 0.398372 0.0781265 0.490541 -0.10454
2.50153 1.32809 0.732862 2.82485 0.94475 0.920381 0.344451 0.356205 0.305118 0.395217 0.109297 0.489425 -0.18752
2.49748 1.31161 0.847178 2.84365 0.970399 0.959655 0.402257 0.197337 0.321079 0.38575 0.0808134 0.479301 -0.112477
2.53457 1.35153 0.42375 2.86248 0.998304 0.999046 0.372526 0.251725 0.342473 0.392061 0.119617 0.466889 -0.575296
2.56888 1.38066 0.351454 2.88103 1.02827 1.03637 0.378542 0.223973 0.353 0.343152 0.144257 0.44811 -0.684913
2.56382 1.38181 0.638722 2.89894 1.05954 1.06685 0.416401 0.115676 0.363527 0.306865 0.120386 0.449078 -0.428127
2.60506 1.40687 0.33266 2.91647 1.09231 1.09453 0.400006 0.165635 0.382544 0.284777 0.136779 0.420975 -0.761865
2.60013 1.41201 0.509878 2.93374 1.12677 1.11949 0.410988 0.0699285 0.390354 0.232712 0.111173 0.424608 -0.609615
2.63655 1.43681 0.371586 2.95055 1.1622 1.13659 0.393576 0.0669177 0.394939 0.160927 0.117029 0.40038 -0.765005
2.67862 1.45025 0.301644 2.96704 1.19828 1.14793 0.394054 0.00852222 0.400712 0.104129 0.111415 0.366408 -0.846282
2.67196 1.45625 0.250642 2.9831 1.23422 1.15215 0.36703 0.00680229 0.393241 -0.00157775 0.0763704 0.374524 -0.901509
2.70658 1.47074 0.181911 2.99886 1.26972 1.15359 0.338227 0.108796 0.382544 0.0228768 0.0653448 0.348663 -0.971684
2.75114 1.47859 0.581107 3.01379 1.30345 1.15494 0.341983 -0.13218 0.363357 0.0110439 0.0541079 0.311014 -0.573836
2.74004 1.4823 0.181444 3.0282 1.33612 1.15441 0.302383 0.147905 0.355716 -0.0181437 0.017145 0.322665 -0.972968
2.77262 1.49253 0.272636 3.04247 1.36816 1.14893 0.288991 0.168463 0.346887 -0.0591642 0.00298455 0.297112 -0.876297
2.80927 1.50816 0.839621 3.05625 1.39871 1.14486 0.286353 0.0440726 0.333643 -0.0260322 -0.00237168 0.270136 -0.305241
2.80436 1.50361 0.46279 3.0696 1.42808 1.1437 0.263127 0.200879 0.317513 -0.0205103 -0.0411253 0.272709 -0.680913
2.83738 1.52383 1.07127 3.08234 1.45605 1.14444 0.27298 0.00421135 0.306137 0.0354985 -0.0395911 0.251063 -0.0731638
2.86404 1.54404 1.1501 3.09445 1.48283 1.14839 0.27915 -0.0403115 0.28729 0.0394427 -0.0386291 0.235247 0.00170852
2.86249 1.53605 0.941337 3.10583 1.50826 1.15012 0.268499 -0.058586 0.279819 -0.00788857 -0.0740124 0.233475 -0.208779
2.88598 1.56475 1.1735 3.1171 1.5333 1.14422 0.287583 -0.155959 0.265047 -0.0749413 -0.0669918 0.22343 0.0292736
2.90506 1.58825 1.13478 3.12841 1.55802 1.13787 0.308633 -0.150138 0.27048 -0.0717859 -0.066269 0.215429 -0.00308673
2.90965 1.5892 1.08122 3.14038 1.58361 1.12722 0.334084 -0.270549 0.293063 -0.11044 -0.0939817 0.210804 -0.0460009
2.92962 1.62927 1.03002 3.15342 1.6107 1.11546 0.34559 -0.170748 0.30325 -0.116751 -0.0817327 0.209166 -0.0854407
2.95866 1.6708 0.970428 3.16735 1.63866 1.10036 0.367809 -0.177197 0.323116 -0.153827 -0.0659425 0.20059 -0.129931
2.95705 1.66127 0.925568 3.18264 1.66821 1.08539 0.407413 -0.255852 0.342812 -0.144361 -0.111394 0.196287 -0.159822
2.99515 1.71432 0.812782 3.19939 1.69943 1.06989 0.406908 -0.235509 0.367093 -0.181437 -0.0850183 0.186296 -0.257107
2.98665 1.70113 0.824186 3.21754 1.73206 1.05485 0.445412 -0.247564 0.37762 -0.160927 -0.140816 0.18557 -0.230664
3.02225 1.74205 0.726686 3.23718 1.76613 1.03957 0.470101 -0.208466 0.406824 -0.135683 -0.129634 0.173111 -0.312888
3.06827 1.78632 0.436886 3.25837 1.80161 1.02378 0.437296 -0.204785 0.421936 -0.172759 -0.111938 0.154407 -0.586891
3.065 1.78216 0.639608 3.281 1.83815 1.0062 0.479832 -0.23133 0.436029 -0.178281 -0.16287 0.152523 -0.366597
3.11135 1.81968 0.543452 3.30487 1.87509 0.985699 0.470736 -0.209104 0.447914 -0.189325 -0.153072 0.130727 -0.442247
3.15746 1.85196 0.33566 3.33071 1.91335 0.965607 0.466976 -0.19942 0.470157 -0.188537 -0.149055 0.107563 -0.629947
3.15849 1.85368 0.428994 3.35765 1.95153 0.94529 0.459388 -0.142487 0.466252 -0.175126 -0.19593 0.104166 -0.516296
3.2041 1.88147 0.32832 3.38518 1.98897 0.927067 0.435269 -0.0493117 0.466252 -0.159349 -0.194662 0.0803149 -0.598747
3.25489 1.89773 0.34906 3.41274 2.02523 0.913672 0.42873 -0.111266 0.452329 -0.102551 -0.197371 0.0470962 -0.564612
3.24691 1.90332 0.287559 3.43996 2.06014 0.902928 0.392379 0.076098 0.438915 -0.0844075 -0.24268 0.0544475 -0.615369
3.30119 1.91877 0.709931 3.4664 2.09335 0.893474 0.392964 -0.108402 0.428048 -0.0844076 -0.239588 0.0193296 -0.183542
3.34027 1.94027 0.795534 3.49254 2.12568 0.887474 0.366517 0.00530159 0.411069 -0.0591642 -0.239918 0.00102064 -0.0919407
3.32757 1.93587 0.496563 3.51775 2.15646 0.881049 0.352979 0.0930862 0.392562 -0.070997 -0.291186 0.00633307 -0.384486
3.37686 1.95907 0.860413 3.54212 2.18584 0.876257 0.324133 0.0590915 0.379997 -0.00157769 -0.280016 -0.0181641 -0.0158437
3.40843 1.98303 1.00981 3.56578 2.21423 0.875369 0.311416 0.0118122 0.367093 -0.0126217 -0.278321 -0.0273212 0.13444
3.4031 1.97966 0.819606 3.58823 2.24112 0.87479 0.318955 0.049775 0.342473 -0.0118328 -0.31934 -0.0255589 -0.0551833
3.44338 2.01323 1.16827 3.60954 2.26661 0.874967 0.297952 -0.0373275 0.326512 0.0244545 -0.300988 -0.0348873 0.293301
3.46629 2.04561 1.14524 3.6299 2.29105 0.878221 0.30814 -0.0315807 0.317683 0.02761 -0.293363 -0.0308076 0.267014
3.47068 2.04609 1.07931 3.64965 2.31487 0.877428 0.294326 -0.109324 0.304439 -0.0197214 -0.321098 -0.034135 0.201886
3.48964 2.08023 1.08388 3.66926 2.33838 0.872257 0.315358 -0.0949144 0.307156 -0.065475 -0.313203 -0.0284653 0.211627
3.49745 2.08232 1.12341 3.68902 2.36174 0.86401 0.311139 -0.206061 0.309702 -0.0646862 -0.336893 -0.03577 0.259398
3.52051 2.11852 1.07532 3.70956 2.38556 0.852449 0.334014 -0.286851 0.32023 -0.146727 -0.325484 -0.0334131 0.22287
3.5485 2.16393 0.787988 3.73057 2.40918 0.832463 0.341181 -0.247396 0.321758 -0.220091 -0.303931 -0.0304045 -0.0444759
3.54279 2.15563 0.954027 3.75294 2.43325 0.808691 0.360958 -0.342093 0.333304 -0.242179 -0.345922 -0.0396633 0.145335
3.56817 2.19365 0.800465 3.77693 2.45783 0.783239 0.381065 -0.334108 0.348076 -0.277677 -0.334329 -0.039909 0.0172263
3.61147 2.24163 0.626555 3.80243 2.48256 0.754592 0.362168 -0.29415 0.363697 -0.279255 -0.304158 -0.0447228 -0.128036
3.60028 2.23168 0.647473 3.82952 2.50737 0.725057 0.389617 -0.333152 0.363357 -0.318698 -0.354405 -0.0543125 -0.0775838
3.64007 2.26681 0.504756 3.85726 2.53131 0.695842 0.381723 -0.263512 0.375073 -0.280044 -0.33625 -0.0637732 -0.191086
3.68874 2.28794 0.420939 3.88681 2.55535 0.668295 0.369144 -0.234947 0.382714 -0.268211 -0.321155 -0.0871513 -0.247356
3.68386 2.29626 0.36634 3.91661 2.57832 0.642487 0.358324 -0.163267 0.373714 -0.232712 -0.35535 -0.0863622 -0.276147
3.72737 2.31134 0.295401 3.9462 2.59998 0.620455 0.347813 -0.127706 0.362338 -0.187748 -0.345864 -0.107615 -0.325054
3.75925 2.32789 0.242515 3.97549 2.62057 0.603605 0.337004 -0.0790003 0.350113 -0.149883 -0.344157 -0.118226 -0.361089
3.76429 2.33431 0.181172 4.00393 2.63993 0.590932 0.302016 0.100295 0.343322 -0.115173 -0.369272 -0.120284 -0.409759
3.80269 2.34432 0.197482 4.03214 2.65869 0.583039 0.302154 0.0143617 0.337209 -0.0536422 -0.364634 -0.136106 -0.385557
3.84778 2.35777 0.663126 4.05946 2.67664 0.579643 0.277235 -0.0288458 0.322777 -0.0197214 -0.351765 -0.150844 0.0834825
3.83278 2.35691 0.293713 4.08525 2.69346 0.576223 0.269168 0.188068 0.298836 -0.0425982 -0.395078 -0.144653 -0.282511
3.88214 2.37552 0.729243 4.10988 2.70943 0.575147 0.242598 0.146915 0.293742 0.0362873 -0.37273 -0.156306 0.154096
3.92111 2.39039 0.804587 4.13377 2.72501 0.581501 0.226995 0.138919 0.282026 0.054431 -0.361502 -0.162806 0.223086
3.91178 2.38806 0.652157 4.15604 2.73973 0.587512 0.234723 0.221941 0.261481 0.0646862 -0.39823 -0.157309 0.0646453
3.95572 2.4169 1.00521 4.17709 2.75386 0.597144 0.202125 0.12122 0.253841 0.120695 -0.372531 -0.154181 0.408063
3.95123 2.41176 0.890147 4.1971 2.76766 0.611414 0.207899 0.186138 0.237201 0.144361 -0.405627 -0.150282 0.278732
3.9847 2.44075 1.08303 4.21538 2.78065 0.626016 0.191123 0.0614337 0.218693 0.140416 -0.386086 -0.140284 0.457014
4.0026 2.47447 1.12165 4.23241 2.79314 0.641328 0.200405 0.0974209 0.208506 0.15146 -0.374792 -0.117874 0.480326
4.00912 2.47784 1.0446 4.24852 2.8053 0.651823 0.182006 0.0331445 0.202733 0.100973 -0.388962 -0.115098 0.392778
4.03041 2.51197 1.01573 4.26414 2.81733 0.661242 0.191681 0.021256 0.193394 0.0875629 -0.371988 -0.0974632 0.354486
4.06045 2.56394 0.972353 4.27896 2.82892 0.666094 0.193695 0.0259131 0.187112 0.0378651 -0.335541 -0.0733177 0.306259
4.05758 2.54601 1.13066 4.29419 2.84091 0.668307 0.215338 -0.152126 0.195432 0.0228768 -0.368441 -0.0848423 0.462355
4.08782 2.58231 1.22941 4.30936 2.85291 0.668792 0.246305 -0.305906 0.196281 -0.00788854 -0.341594 -0.0749378 0.560623
4.1166 2.63071 0.630877 4.32486 2.8651 0.661716 0.22931 -0.142764 0.201375 -0.0757301 -0.308336 -0.0569476 -0.0308385
4.11374 2.62205 1.09233 4.34143 2.87787 0.650475 0.293272 -0.390222 0.215637 -0.121484 -0.336112 -0.065698 0.44186
4.14551 2.67047 0.452118 4.35963 2.89158 0.63934 0.276684 -0.119524 0.235333 -0.115173 -0.303762 -0.0496819 -0.187221
4.1868 2.70574 0.432369 4.3793 2.90602 0.62591 0.291861 -0.126973 0.248407 -0.133317 -0.273335 -0.0495447 -0.19354
4.16469 2.71062 0.495269 4.4007 2.92129 0.612172 0.415351 -0.14715 0.272688 -0.13095 -0.314214 -0.0367844 -0.116902
