0.050939 0.810812 0.576419 0.000769149 0.679996 -0.00430715 0.0537879 -0.140635 0 0 0.049606 0.131032 0.580726
0.050939 0.810812 0.576419 0.000771696 0.679996 -0.00429532 0.0580296 -0.152104 0 0 0.049605 0.131031 0.580714
0.0714856 0.834673 0.565976 0.0014568 0.679993 -0.00402316 0.0807983 0.00763054 0.00509379 0.0236657 0.0694059 0.15496 0.569999
0.0690499 0.820261 0.43443 0.00405971 0.679982 -0.00430715 0.0848278 -0.144809 0.0132439 0.0126217 0.0643854 0.140557 0.438738
0.0908354 0.828329 0.271815 0.0087052 0.679961 -0.00437815 0.1006 -0.142237 0.025469 0.0252434 0.0814798 0.148726 0.276193
0.118178 0.833553 -0.306383 0.0148661 0.679929 -0.00614124 0.14803 -0.033844 0.0584088 -0.0126217 0.102366 0.154255 -0.300242
0.115272 0.834277 0.0539014 0.0229726 0.679871 -0.00892196 0.149354 -0.183193 0.0821798 -0.0331319 0.0909185 0.155223 0.0628234
0.141766 0.83595 -0.265144 0.0330425 0.679764 -0.0124008 0.199891 -0.067231 0.101876 -0.0347096 0.106779 0.157522 -0.252744
0.169063 0.831798 -0.272627 0.0451798 0.679598 -0.0152407 0.222833 -0.051992 0.125647 -0.0252434 0.121549 0.15407 -0.257386
0.165928 0.834566 -0.416068 0.0592597 0.679364 -0.0184711 0.206727 -0.0686247 0.144833 -0.02761 0.103784 0.157146 -0.397597
0.197573 0.823808 -0.327909 0.0754801 0.679036 -0.0222576 0.250292 -0.05957 0.165718 -0.0457536 0.11884 0.147453 -0.305652
0.22528 0.810452 -0.383537 0.0936166 0.67861 -0.0255589 0.257001 -0.0477442 0.186263 -0.0386539 0.128251 0.135163 -0.357979
0.217473 0.816434 -0.632312 0.11391 0.678059 -0.0286 0.265538 0.017085 0.208166 -0.0189325 0.0995632 0.141279 -0.603712
0.253267 0.796569 -0.404945 0.136076 0.677387 -0.0322326 0.271698 -0.0370627 0.225485 -0.0347097 0.113289 0.122896 -0.372713
0.279828 0.777132 -0.418837 0.160426 0.676567 -0.0354748 0.280834 -0.00926813 0.250105 -0.0323431 0.11576 0.104737 -0.383362
0.274907 0.785282 -0.651213 0.186602 0.675592 -0.0390839 0.30804 0.0750533 0.267933 -0.0283988 0.0839506 0.113056 -0.612129
0.30772 0.765965 -0.181622 0.215041 0.674455 -0.0411073 0.306592 -0.00331492 0.288988 0.00157775 0.0888397 0.0952414 -0.140515
0.305129 0.768569 -0.574168 0.244583 0.673241 -0.0408114 0.32698 0.138163 0.302911 0.00157769 0.0566061 0.0977183 -0.533357
0.334884 0.753217 -0.396341 0.275409 0.671992 -0.0390957 0.328327 0.192712 0.308514 0.0512756 0.0562553 0.0834872 -0.357245
0.367954 0.74086 -0.0229726 0.306133 0.670902 -0.0301146 0.35942 0.136774 0.312419 0.115173 0.0596871 0.0717874 0.00714198
0.365071 0.741116 -0.147999 0.33814 0.670132 -0.016779 0.341256 0.231554 0.324305 0.135683 0.0257356 0.071426 -0.13122
0.396972 0.733449 0.0931427 0.371655 0.669791 -0.00061531 0.359464 0.228963 0.337718 0.204314 0.0252771 0.0636736 0.093758
0.437499 0.738396 0.176926 0.40584 0.670117 0.0220446 0.388887 0.203124 0.346548 0.224824 0.0331565 0.0675647 0.154881
0.432052 0.731751 0.256489 0.442616 0.671285 0.0440418 0.40159 0.210955 0.376092 0.243756 -0.00789162 0.0608722 0.212447
0.470397 0.736421 0.330182 0.480929 0.673377 0.0670448 0.427897 0.185897 0.392731 0.24849 -0.00628546 0.0636079 0.263138
0.520037 0.760924 0.263441 0.521052 0.676486 0.0897284 0.430771 0.186494 0.409201 0.231924 0.00655625 0.0841899 0.173712
0.512706 0.745949 0.336669 0.562813 0.680633 0.110318 0.462567 0.131129 0.424652 0.209047 -0.0426115 0.070436 0.226351
0.566911 0.77191 0.209647 0.606013 0.685821 0.129913 0.458793 0.149509 0.444348 0.177493 -0.0276199 0.0904295 0.0797344
0.616167 0.782163 0.0927641 0.650745 0.692034 0.147236 0.465339 0.153181 0.457253 0.152249 -0.0209813 0.094227 -0.0544718
0.607034 0.770954 0.20933 0.696843 0.699177 0.161838 0.503578 0.0763682 0.469987 0.153038 -0.0770702 0.0853102 0.0474919
0.668491 0.785093 -0.0148812 0.743176 0.707084 0.177587 0.479003 0.0850716 0.474232 0.13805 -0.0597299 0.0899754 -0.192468
0.71928 0.78508 -0.147849 0.790591 0.715899 0.190177 0.478931 0.0879576 0.482382 0.13805 -0.0569475 0.0814147 -0.338027
0.707677 0.787943 0.00655071 0.837546 0.725127 0.19904 0.506008 0.00494254 0.479835 0.070997 -0.114885 0.0872549 -0.192489
0.767203 0.783314 -0.191709 0.88481 0.734874 0.208577 0.485113 0.0457228 0.486457 0.0922961 -0.105028 0.071743 -0.400286
0.822818 0.778405 -0.277814 0.93308 0.745257 0.214754 0.476948 0.0058432 0.485778 0.0386538 -0.100665 0.0558841 -0.492568
0.81443 0.786918 -0.198068 0.980064 0.755573 0.217535 0.475347 -0.0310233 0.477967 0.0165661 -0.154966 0.0663549 -0.415603
0.874415 0.773727 -0.326814 1.02653 0.765823 0.215973 0.461193 -0.0530689 0.477458 -0.0189326 -0.146886 0.0403182 -0.542787
0.86606 0.780551 -0.31216 1.07258 0.775854 0.212885 0.441698 -0.0466632 0.464724 -0.0181436 -0.200864 0.0482247 -0.525044
0.914238 0.770839 -0.421149 1.11725 0.785403 0.207938 0.407065 -0.0442668 0.446216 -0.0425982 -0.201646 0.0276601 -0.629087
0.972614 0.744013 -0.324582 1.16003 0.794319 0.202696 0.403092 -0.0792738 0.435689 -0.0583753 -0.193705 -0.0115482 -0.527279
0.957113 0.757692 -0.483075 1.20097 0.802646 0.198117 0.362583 -0.0357839 0.411748 -0.0591642 -0.247932 0.00392065 -0.681193
0.996738 0.742311 -0.487996 1.24085 0.810525 0.1911 0.339126 -0.0332046 0.39375 -0.0828299 -0.252627 -0.0206046 -0.679096
1.04512 0.725884 -0.026381 1.2782 0.817636 0.184592 0.31477 -0.0340842 0.371337 -0.0717859 -0.245957 -0.0474123 -0.210973
1.03355 0.726612 -0.420267 1.31373 0.824156 0.177776 0.302008 0.0123073 0.355886 -0.0678416 -0.293014 -0.0464588 -0.598044
1.06931 0.713085 -0.284874 1.34731 0.830085 0.171292 0.279132 0.0485202 0.334832 -0.0662639 -0.293871 -0.0679015 -0.456166
1.10818 0.706546 0.112078 1.37888 0.835443 0.164157 0.2491 0.0364623 0.314626 -0.0560087 -0.288123 -0.082927 -0.0520785
1.10364 0.704084 -0.0436245 1.40844 0.840261 0.157992 0.236956 0.0723171 0.293402 -0.070997 -0.322425 -0.0865255 -0.201617
1.13708 0.704384 0.522728 1.43613 0.844582 0.150809 0.215947 -0.0990307 0.274386 -0.0631084 -0.316721 -0.093677 0.371919
1.16377 0.709809 0.616336 1.46215 0.848462 0.144597 0.205287 -0.125193 0.252652 -0.0552199 -0.315249 -0.0942106 0.471739
1.15984 0.705005 0.533504 1.48607 0.851879 0.138693 0.172005 -0.0723896 0.236522 -0.054431 -0.343398 -0.100364 0.394811
1.18976 0.723957 0.670559 1.50794 0.854873 0.132599 0.175125 -0.0678407 0.214618 -0.070997 -0.332695 -0.0876993 0.53796
1.21567 0.742636 0.699283 1.52783 0.857476 0.127227 0.159845 -0.0475458 0.194583 -0.0536422 -0.324206 -0.0743046 0.572057
1.2081 0.728194 0.605354 1.54586 0.859736 0.121133 0.150416 -0.102576 0.174547 -0.059953 -0.351177 -0.0897646 0.484222
1.24278 0.762118 0.635594 1.56163 0.861612 0.114613 0.129641 -0.0321888 0.158417 -0.0812521 -0.328136 -0.0623772 0.520981
1.27628 0.78 0.687636 1.5763 0.863239 0.105123 0.125599 -0.044302 0.142966 -0.0899295 -0.3071 -0.0512978 0.582514
1.27271 0.763884 0.534737 1.58978 0.864621 0.0987332 0.147371 -0.0955633 0.132439 -0.0583753 -0.325452 -0.0689922 0.436004
1.31498 0.794838 0.406759 1.60271 0.865876 0.0945325 0.134795 -0.0489234 0.13142 -0.0410205 -0.293157 -0.0435613 0.312226
1.31175 0.784547 0.453726 1.61652 0.867146 0.0886043 0.167732 -0.0942114 0.137193 -0.0567976 -0.310882 -0.0553065 0.365122
1.35323 0.804783 0.341311 1.63044 0.868347 0.0836818 0.185731 -0.0747364 0.140758 -0.0465425 -0.281549 -0.040172 0.257629
1.4048 0.818304 -0.0532268 1.64633 0.869647 0.0786647 0.200048 -0.0672113 0.161983 -0.0441759 -0.244822 -0.0322031 -0.131891
1.39732 0.822508 0.219524 1.66418 0.871012 0.0737185 0.236659 -0.0602535 0.183716 -0.0410205 -0.269705 -0.0287173 0.145805
1.4446 0.835919 0.116511 1.6843 0.872456 0.0688316 0.260367 -0.0591753 0.203752 -0.0552199 -0.241642 -0.0199652 0.0476799
1.50571 0.838329 0.0265311 1.70627 0.873922 0.0642049 0.261988 -0.0773424 0.224806 -0.0441759 -0.202433 -0.0226511 -0.0376739
1.49525 0.845821 0.0153506 1.7302 0.875405 0.0592352 0.292974 -0.0460808 0.245521 -0.0567976 -0.236287 -0.0156235 -0.0438846
1.54686 0.851435 -0.0747235 1.75618 0.876886 0.0540405 0.29761 -0.0155489 0.265556 -0.0504868 -0.21039 -0.0141071 -0.128764
1.60858 0.84261 -0.016039 1.78409 0.87833 0.0487631 0.304799 -0.0594534 0.288478 -0.0418093 -0.177048 -0.0271228 -0.0648021
1.59676 0.853602 -0.147998 1.81374 0.879723 0.0443731 0.312977 0.0125196 0.303081 -0.054431 -0.217919 -0.0164709 -0.192371
1.65361 0.842087 -0.0450072 1.84415 0.881008 0.0408943 0.310957 -0.0207634 0.309363 -0.00946632 -0.191973 -0.0310992 -0.0859015
1.69103 0.848399 0.0946264 1.87553 0.882293 0.0402316 0.292158 -0.00876408 0.311231 -0.0181437 -0.185706 -0.0264466 0.0543948
1.6813 0.850577 -0.0813428 1.90603 0.883489 0.0379716 0.294385 0.0986722 0.301043 -0.0149883 -0.225812 -0.0243576 -0.119314
1.72639 0.854671 0.353368 1.93531 0.884593 0.0390957 0.268142 0.11762 0.293742 0.033132 -0.209929 -0.0217334 0.314273
1.76281 0.856799 0.466107 1.96408 0.885811 0.046929 0.251881 0.170842 0.280838 0.0851964 -0.202406 -0.019539 0.419178
1.75294 0.851226 0.293093 1.99111 0.887191 0.0568213 0.259464 0.193489 0.266745 0.104918 -0.239831 -0.0223813 0.236272
1.79527 0.867782 0.605562 2.01733 0.888832 0.0709497 0.230031 0.231436 0.263009 0.161715 -0.222994 -0.00525553 0.534612
1.82544 0.881425 0.796935 2.0426 0.89085 0.090178 0.227692 0.218334 0.250615 0.190903 -0.217124 0.0101702 0.706757
1.82426 0.873413 0.661107 2.06635 0.893204 0.10988 0.215116 0.199196 0.23007 0.191692 -0.242804 0.00687587 0.551227
1.84516 0.890148 0.827369 2.08846 0.895859 0.131356 0.222425 0.234572 0.219033 0.222457 -0.241951 0.0262051 0.696013
1.85704 0.893047 0.751527 2.10992 0.898896 0.15236 0.206588 0.191605 0.218184 0.220091 -0.250838 0.0325989 0.599167
1.88731 0.915564 0.770221 2.13152 0.902443 0.175505 0.210798 0.174599 0.2136 0.22088 -0.238166 0.05556 0.594716
1.9128 0.94858 0.796352 2.15234 0.906332 0.194816 0.228062 0.149549 0.209015 0.174337 -0.226822 0.0878183 0.601536
1.91689 0.940297 0.730108 2.17335 0.910651 0.212246 0.235659 0.132608 0.223278 0.180648 -0.24446 0.0830054 0.517863
1.94703 0.965972 0.65063 2.19601 0.915702 0.227427 0.263459 0.100696 0.235163 0.139627 -0.231235 0.105114 0.423203
1.98878 1.00345 0.219583 2.21945 0.921277 0.240561 0.257223 0.136539 0.24603 0.130161 -0.204449 0.13476 -0.0209784
1.98219 0.99311 0.554958 2.24419 0.927507 0.254666 0.296181 0.115411 0.258085 0.15146 -0.237018 0.12949 0.300291
2.02367 1.02072 0.447842 2.26947 0.934251 0.267919 0.30529 0.106404 0.266235 0.132528 -0.214138 0.148453 0.179923
2.0759 1.03926 0.173922 2.29663 0.941899 0.282166 0.301422 0.120775 0.288818 0.147516 -0.184889 0.154972 -0.108244
2.06823 1.04607 0.325821 2.32521 0.950362 0.294851 0.321586 0.0998851 0.298326 0.115962 -0.218076 0.166259 0.0309701
2.12063 1.0563 0.190853 2.35439 0.959401 0.306518 0.317092 0.100725 0.314626 0.127006 -0.193627 0.162915 -0.115665
2.16076 1.07264 0.103413 2.38483 0.969211 0.317854 0.315921 0.104742 0.313608 0.108073 -0.180523 0.168278 -0.21444
2.15596 1.08037 0.092838 2.41482 0.979224 0.3279 0.299254 0.132408 0.315136 0.0915072 -0.212497 0.179124 -0.235062
2.20065 1.08464 0.104059 2.44407 0.989331 0.338928 0.303852 0.144762 0.30359 0.129372 -0.197876 0.17082 -0.234869
2.24049 1.09355 0.305664 2.47251 0.999537 0.351979 0.286945 0.134771 0.305627 0.145149 -0.18538 0.168238 -0.0463155
2.22805 1.09496 0.0971011 2.50056 1.01004 0.36638 0.270791 0.220233 0.292214 0.134894 -0.224001 0.176907 -0.269279
2.27032 1.09957 0.384438 2.52726 1.02048 0.381621 0.244726 0.159366 0.282536 0.189325 -0.209001 0.169094 0.00281714
2.29383 1.1151 0.541732 2.55249 1.03084 0.400115 0.22711 0.249864 0.266575 0.178281 -0.205415 0.178355 0.141616
2.29144 1.10916 0.329271 2.57573 1.0409 0.418811 0.238598 0.286836 0.248917 0.192481 -0.231956 0.177977 -0.0895408
2.32754 1.12696 0.700524 2.59769 1.05091 0.440513 0.210893 0.282436 0.241106 0.239812 -0.211929 0.183978 0.260012
2.32523 1.12082 0.525604 2.61859 1.06107 0.46819 0.219593 0.366905 0.228032 0.287932 -0.234817 0.185711 0.0574143
2.35765 1.13732 0.761339 2.63797 1.0712 0.499109 0.205414 0.338486 0.217165 0.302132 -0.214474 0.192234 0.26223
2.38638 1.16603 1.02143 2.65674 1.08182 0.535424 0.211683 0.320163 0.212411 0.355774 -0.189567 0.210358 0.486003
2.38534 1.15746 0.96971 2.6746 1.09279 0.568804 0.204656 0.304351 0.211392 0.333686 -0.208889 0.210286 0.400905
2.4087 1.18168 1.07689 2.69203 1.10429 0.600303 0.208718 0.240353 0.20528 0.306865 -0.190078 0.223907 0.476589
2.42567 1.22185 0.939253 2.70873 1.11605 0.628252 0.236331 0.239657 0.202903 0.261111 -0.166832 0.25196 0.311001
2.42894 1.20972 1.08212 2.72605 1.12894 0.653113 0.239487 0.174641 0.218693 0.250856 -0.186878 0.244697 0.429005
2.44845 1.24126 1.01903 2.74407 1.14302 0.675584 0.267213 0.153053 0.231258 0.225613 -0.169241 0.261529 0.343447
2.4776 1.29385 0.776627 2.76281 1.1583 0.694079 0.269173 0.195703 0.247388 0.191692 -0.132515 0.286633 0.0825485
2.47057 1.27547 0.936019 2.78279 1.17522 0.713224 0.309943 0.125461 0.264028 0.191692 -0.170528 0.280096 0.222795
2.50153 1.32809 0.732862 2.80335 1.19333 0.732902 0.30113 0.190066 0.278121 0.192481 -0.134166 0.302083 -4.02058e-05
2.53457 1.35153 0.42375 2.82499 1.21315 0.752379 0.314557 0.150382 0.298836 0.187748 -0.117461 0.299492 -0.328629
2.52918 1.34772 0.752385 2.847 1.23411 0.770803 0.352781 0.124244 0.311231 0.191692 -0.148831 0.302925 -0.0184177
2.56888 1.38066 0.351454 2.86983 1.2566 0.786588 0.334466 0.1178 0.321248 0.148305 -0.12472 0.300674 -0.435133
2.60506 1.40687 0.33266 2.89317 1.2803 0.799651 0.344579 0.101565 0.33602 0.128583 -0.110035 0.294828 -0.466991
2.60013 1.41201 0.509878 2.91655 1.30462 0.811295 0.350199 0.0541325 0.344001 0.100974 -0.140004 0.303405 -0.301417
2.64301 1.43007 0.322003 2.94029 1.32983 0.820051 0.344448 0.0525015 0.348246 0.0780967 -0.129505 0.285745 -0.498048
2.67862 1.45025 0.301644 2.96382 1.35519 0.825482 0.336561 0.0436525 0.350453 0.0678416 -0.123561 0.274053 -0.523838
2.67196 1.45625 0.250642 2.98682 1.38023 0.830606 0.3033 0.0599559 0.333304 0.0449648 -0.156221 0.283745 -0.579964
2.71705 1.46519 0.380038 3.00914 1.40476 0.834854 0.301925 0.00330761 0.324474 0.0386539 -0.151284 0.257063 -0.454816
2.70658 1.47074 0.181911 3.03026 1.42816 0.838924 0.267766 0.0884555 0.307325 0.0378651 -0.18463 0.269242 -0.657013
2.74004 1.4823 0.181444 3.05019 1.45038 0.8398 0.249055 0.0892254 0.291874 0.000788877 -0.18329 0.252225 -0.658356
2.77979 1.49459 0.678677 3.06879 1.47115 0.841729 0.230765 0.0682693 0.272008 0.0205103 -0.175046 0.231157 -0.163052
2.77262 1.49253 0.272636 3.08611 1.49056 0.84348 0.217694 0.135952 0.253161 0.0197214 -0.206955 0.23547 -0.570844
2.80436 1.50361 0.46279 3.10219 1.50866 0.845941 0.210728 0.148125 0.239408 0.0394428 -0.20125 0.219611 -0.383151
2.83738 1.52383 1.07127 3.11747 1.526 0.852485 0.206538 0.0728592 0.228541 0.0757302 -0.185962 0.209462 0.218788
2.83471 1.51736 0.717458 3.13169 1.5424 0.861631 0.199188 0.143086 0.213939 0.0899295 -0.2124 0.209073 -0.144174
2.86249 1.53605 0.941337 3.14513 1.55819 0.871346 0.205119 0.0934564 0.207317 0.114384 -0.198903 0.202025 0.0699906
2.88598 1.56475 1.1735 3.15825 1.57397 0.883226 0.229573 0.0719309 0.207148 0.112017 -0.179927 0.204564 0.29027
2.88717 1.55944 1.07095 3.17153 1.59028 0.892527 0.233635 0.0297516 0.215467 0.100185 -0.202434 0.202071 0.178424
2.90506 1.58825 1.13478 3.18552 1.60777 0.900112 0.263209 0.028993 0.225315 0.0702082 -0.189605 0.207578 0.23467
2.92962 1.62927 1.03002 3.20029 1.62645 0.903248 0.283663 -0.00596304 0.241955 0.0228768 -0.165346 0.214319 0.126769
2.93217 1.62351 1.02204 3.21606 1.64654 0.907815 0.316406 -0.0401326 0.268782 0.0354985 -0.192871 0.20958 0.114228
2.95866 1.6708 0.970428 3.23312 1.66845 0.91088 0.327999 0.0100255 0.284743 0.0354985 -0.166404 0.218277 0.0595482
2.99515 1.71432 0.812782 3.25133 1.69198 0.914169 0.344241 -0.00310745 0.30325 0.0378651 -0.138689 0.216544 -0.101387
2.98665 1.70113 0.824186 3.27085 1.7174 0.917553 0.391128 -0.00993805 0.325154 0.0465425 -0.185646 0.215803 -0.0933677
3.02758 1.75251 0.690362 3.29141 1.74435 0.92108 0.388022 -0.0230295 0.349943 0.0370762 -0.153104 0.21501 -0.230718
3.06827 1.78632 0.436886 3.31303 1.77288 0.924121 0.38588 0.0082915 0.367093 0.0441759 -0.136748 0.203435 -0.487234
3.065 1.78216 0.639608 3.33569 1.80299 0.927008 0.429186 -0.0440901 0.382374 0 -0.179136 0.204004 -0.2874
3.11262 1.82213 0.383906 3.35912 1.83427 0.928108 0.402791 -0.013405 0.39392 0.0173548 -0.157458 0.190048 -0.544202
3.11135 1.81968 0.543452 3.38326 1.86652 0.927943 0.426923 -0.0444739 0.406654 -0.0118328 -0.200499 0.189552 -0.384491
3.15849 1.85368 0.428994 3.40765 1.89903 0.926511 0.405612 0.00306266 0.412597 0.0126217 -0.185913 0.171972 -0.497517
3.20861 1.87542 0.33157 3.43266 1.93228 0.924807 0.397859 -0.0450548 0.409711 -0.0228768 -0.180286 0.144674 -0.593237
3.2041 1.88147 0.32832 3.45723 1.96484 0.923044 0.37055 0.0185006 0.401221 -0.00709969 -0.219222 0.151548 -0.594724
3.24691 1.90332 0.287559 3.48104 1.99619 0.918583 0.342734 -0.00350912 0.381525 -0.0654751 -0.215904 0.12971 -0.631024
3.30119 1.91877 0.709931 3.50388 2.026 0.915222 0.346785 -0.0739396 0.369809 -0.0520645 -0.208565 0.0953054 -0.205291
3.28791 1.92016 0.353075 3.52573 2.05433 0.91153 0.319324 0.0312388 0.354018 -0.0402317 -0.251733 0.105801 -0.558456
3.32757 1.93587 0.496563 3.5469 2.08147 0.905117 0.314545 0.0235215 0.337888 -0.0394428 -0.249977 0.0825776 -0.408554
3.37686 1.95907 0.860413 3.56733 2.10739 0.901473 0.285175 -0.011477 0.322437 -0.0339208 -0.234497 0.0573463 -0.0410594
3.36631 1.95499 0.664294 3.58699 2.13222 0.900703 0.30089 0.0376988 0.310721 -0.00631082 -0.275965 0.0628934 -0.23641
3.40843 1.98303 1.00981 3.60566 2.15579 0.902277 0.265118 0.0353455 0.297987 0.0339208 -0.257809 0.0476914 0.107532
3.44338 2.01323 1.16827 3.62422 2.17938 0.906005 0.283164 -0.0152883 0.293063 0.0205103 -0.242324 0.0398376 0.262263
3.43918 2.01095 0.968846 3.6417 2.20172 0.906738 0.286618 -0.0183121 0.284573 -0.00473313 -0.275051 0.0419096 0.0621082
3.46629 2.04561 1.14524 3.65935 2.22425 0.905176 0.2992 -0.0532731 0.288648 -0.022088 -0.259733 0.0415337 0.240059
3.48964 2.08023 1.08388 3.67736 2.24714 0.902786 0.320175 -0.038642 0.297817 -0.0126217 -0.247311 0.0439828 0.181098
3.49745 2.08232 1.12341 3.69612 2.27083 0.898325 0.318138 -0.136593 0.312929 -0.0638973 -0.271229 0.0379858 0.225083
3.52115 2.12632 0.939031 3.71601 2.29563 0.890433 0.343616 -0.056306 0.322946 -0.0504867 -0.254189 0.0449638 0.0485981
3.5485 2.16393 0.787988 3.73648 2.32065 0.877819 0.350554 -0.161823 0.328889 -0.134894 -0.240659 0.044514 -0.0898312
3.54279 2.15563 0.954027 3.75801 2.3463 0.866258 0.367254 -0.18665 0.344001 -0.123061 -0.284667 0.0404798 0.0877688
3.57859 2.20178 0.649832 3.78108 2.3731 0.852378 0.353101 -0.184952 0.355716 -0.150671 -0.26226 0.0396839 -0.202546
3.56817 2.19365 0.800465 3.80483 2.39988 0.835611 0.38288 -0.221988 0.355716 -0.175915 -0.311697 0.0372117 -0.0351459
3.60028 2.23168 0.647473 3.82897 2.42613 0.817246 0.382254 -0.20462 0.360471 -0.172759 -0.298279 0.033731 -0.169773
3.65117 2.26728 0.526565 3.85494 2.45334 0.798077 0.36167 -0.227736 0.379148 -0.210624 -0.275473 0.0160108 -0.271512