-0.0490014 0.788603 -0.254531 7.64069e-06 0.5 -3.54985e-05 0.0375442 -0.00529228 0 0 -0.0490193 -0.0113989 -0.254496
-0.0490014 0.788603 -0.254531 7.64069e-06 0.5 -3.54985e-05 0.0424673 -0.00637569 0 0 -0.0490193 -0.0113989 -0.12723
-0.0360674 0.792298 -0.391377 0.00148739 0.5 0.000118328 0.124956 0.083607 0.0164699 0.00552199 -0.0375202 -0.0076977 -0.215421
-0.0206542 0.793051 -0.412437 0.00674418 0.5 -0.000189325 0.171527 0.116542 0.0220731 0.0299765 -0.0274538 -0.00695392 -0.264397
-0.00681657 0.794574 -0.446161 0.0161117 0.500001 -9.46625e-05 0.234398 0.125649 0.0670683 0.00078886 -0.0229561 -0.0054291 -0.312399
0.00811292 0.796151 -0.407111 0.0302928 0.500002 0.00033132 0.245106 0.110606 0.101536 0.00946627 -0.0220817 -0.00384329 -0.35097
0.0269213 0.795668 -0.386 0.0481058 0.500005 -0.000189326 0.270277 0.088083 0.13142 0 -0.0212404 -0.0043416 -0.349105
0.0503522 0.792023 -0.331537 0.069492 0.500011 0.000319486 0.27632 0.0412459 0.159775 0.000788877 -0.0190466 -0.00798186 -0.329389
0.0770252 0.784511 -0.333909 0.0969145 0.500022 0.000804633 0.30243 0.0300637 0.191527 0.00946629 -0.0196603 -0.0154953 -0.301811
0.102322 0.773682 -0.315372 0.126792 0.500041 0.000319488 0.312223 -0.0129669 0.222089 -0.00631085 -0.0243831 -0.0263507 -0.278391
0.131089 0.76186 -0.327903 0.160556 0.500059 0.000638973 0.332896 -0.00711522 0.251973 0.00473313 -0.0292998 -0.0381798 -0.264187
0.162098 0.746765 -0.435436 0.198266 0.500077 0.000283987 0.395223 0.0609031 0.282196 0.00631082 -0.0360974 -0.0533022 -0.289806
0.188593 0.735476 -0.416872 0.243213 0.5001 0.000709968 0.380372 0.0453925 0.31191 -0.00552201 -0.054453 -0.0645854 -0.310973
0.215372 0.725354 -0.268801 0.289238 0.500128 0.00046148 0.337518 -0.0121922 0.340605 -0.0126217 -0.0737626 -0.0747403 -0.299082
0.246981 0.719492 0.327267 0.336835 0.50015 -8.28309e-05 0.360837 0.0427647 0.33602 -0.00867738 -0.0898722 -0.0806656 -0.134745
0.281159 0.717785 0.452941 0.384828 0.500112 -0.000840131 0.322999 -0.00567867 0.354018 0.0181436 -0.103852 -0.0824135 0.0881067
0.315045 0.717123 0.53481 0.437712 0.500179 0.00415333 0.115939 -0.247486 0.338398 0.0260323 -0.121765 -0.0825485 0.321034
0.344855 0.717821 0.306393 0.481648 0.500409 0.00733636 0.190118 -0.108068 0.311231 0.0370762 -0.135194 -0.0815903 0.461649
0.387927 0.727222 0.21427 0.522534 0.500775 0.0112412 0.198386 -0.0624388 0.281177 0.0347097 -0.132053 -0.0720539 0.429495
0.431757 0.741813 0.19295 0.56187 0.501305 0.015856 0.18073 -0.0595618 0.251294 0.0315542 -0.126283 -0.0574598 0.359882
0.481313 0.757464 0.0629372 0.594455 0.501881 0.0195715 0.219878 0.0104787 0.222599 0.0181437 -0.108118 -0.0422518 0.238198
0.525813 0.769093 -0.0182342 0.625105 0.502531 0.0223522 0.228762 0.0329809 0.217505 0.00709969 -0.0933093 -0.0312849 0.154261
0.575303 0.774738 -0.0401403 0.656723 0.503286 0.0256891 0.178016 -0.0134938 0.230409 0.0386539 -0.0744203 -0.0265465 0.0873218
0.628856 0.77506 -0.130508 0.689547 0.504195 0.0303394 0.17324 -0.02968 0.209694 0.0339208 -0.0524469 -0.0274188 0.00180709
0.682827 0.772209 -0.164447 0.716296 0.505061 0.0341022 0.171391 -0.0622629 0.184395 0.0236656 -0.0243416 -0.031866 -0.0588017
0.731549 0.773706 -0.187232 0.740899 0.505871 0.0295466 0.185277 -0.121032 0.174377 -0.0496979 -0.0014333 -0.0320053 -0.0964956
0.780597 0.769581 -0.22983 0.767572 0.506529 0.0175244 0.215697 -0.146424 0.18083 -0.104918 0.0176328 -0.0372163 -0.131896
0.829639 0.757846 -0.27624 0.794779 0.506786 0.00118328 0.25008 -0.133158 0.203072 -0.11044 0.0351575 -0.0489808 -0.151988
0.873063 0.744893 -0.28855 0.82547 0.506562 -0.0186367 0.274023 -0.144249 0.22141 -0.16566 0.0431438 -0.0608229 -0.163194
0.907271 0.73887 -0.168315 0.861549 0.505626 -0.0354985 0.268454 -0.125852 0.257406 -0.129372 0.0374147 -0.0652805 -0.141603
0.943571 0.728514 -0.0124052 0.900862 0.503881 -0.0545612 0.358297 0.00917849 0.269971 -0.119906 0.0303949 -0.0733723 -0.0681835
0.976898 0.716126 0.138467 0.939633 0.501447 -0.0715413 0.476106 0.186913 0.281687 -0.106495 0.0218241 -0.0832068 0.0524732
1.00787 0.715594 0.429881 0.982334 0.498025 -0.0893142 0.405438 0.06806 0.316834 -0.127795 0.00602487 -0.0810204 0.249854
1.04238 0.718878 0.619191 1.03255 0.493064 -0.108152 0.247912 -0.130134 0.352151 -0.104129 -0.014601 -0.0744439 0.465568
1.06982 0.720962 0.426329 1.08036 0.487494 -0.125677 0.193589 -0.173868 0.334322 -0.125428 -0.0397143 -0.0696937 0.592776
1.09653 0.729691 0.414531 1.12396 0.481626 -0.143509 0.147331 -0.161298 0.30342 -0.115962 -0.0626298 -0.0584086 0.679625
1.1296 0.747196 0.585061 1.1666 0.475091 -0.162619 -0.00145088 -0.250799 0.277272 -0.111229 -0.0805634 -0.0374749 0.73753
1.16786 0.770084 0.596474 1.20216 0.468959 -0.18051 0.139231 -0.0441037 0.248577 -0.124639 -0.0878097 -0.00992648 0.749742
1.19815 0.781476 0.288221 1.2338 0.462922 -0.198235 0.295317 0.264032 0.221071 -0.115173 -0.0976799 0.00529608 0.73294
1.23679 0.796491 0.355112 1.26359 0.45671 -0.212269 0.255706 0.235555 0.220561 -0.0844076 -0.0977819 0.0265085 0.732119
1.2842 0.804542 -0.00250589 1.29669 0.449489 -0.214553 0.159581 0.132939 0.232447 0.0291877 -0.0877922 0.0442547 0.587511
1.33057 0.814895 -0.0811819 1.3262 0.443201 -0.20401 0.140706 0.111818 0.207487 0.0804633 -0.0710247 0.0648712 0.407554
1.36592 0.823779 -0.131967 1.352 0.437981 -0.193857 0.145848 0.0833373 0.18032 0.0836187 -0.0606536 0.0812547 0.292354
1.41044 0.825428 -0.133422 1.37405 0.43376 -0.18348 0.136378 0.049485 0.153153 0.0725747 -0.0356853 0.0917324 0.159843
1.45915 0.820729 -0.123074 1.39486 0.430011 -0.173387 0.129776 0.0320372 0.136174 0.0504868 -0.00408057 0.0959516 0.119608
1.50232 0.820631 -0.106565 1.41298 0.426888 -0.16792 0.144849 0.0382678 0.130231 0.0307654 0.0222691 0.103135 0.107795
1.54426 0.812452 -0.157785 1.43194 0.423716 -0.163766 0.181591 0.0508786 0.141438 0.0276099 0.0474432 0.101848 0.0971876
1.58159 0.809085 0.0130328 1.45487 0.419989 -0.157815 0.144902 0.00885291 0.159945 0.0331319 0.0639902 0.104175 0.127849
1.61634 0.809151 0.204565 1.47745 0.416459 -0.152229 0.200376 0.0992529 0.152474 0.0315542 0.0777335 0.109212 0.204174
1.64614 0.809039 0.424734 1.49955 0.413111 -0.148786 0.360617 0.280884 0.169114 0.0299765 0.0862824 0.113285 0.333556
1.67457 0.810035 0.548162 1.52532 0.409291 -0.144988 0.363296 0.288125 0.194413 0.0370762 0.0897889 0.118103 0.506244
1.70444 0.819479 0.703734 1.55721 0.404678 -0.141959 0.317143 0.222674 0.225825 0.0315542 0.0870644 0.13146 0.67589
1.73236 0.831711 0.818892 1.5913 0.399861 -0.138669 0.282724 0.152795 0.253501 0.0118328 0.080014 0.147202 0.826182
1.75563 0.844969 0.841017 1.62806 0.39485 -0.129759 0.281 0.215828 0.268782 0.0938738 0.0682569 0.162843 0.921342
1.78016 0.869719 0.816835 1.66851 0.389954 -0.107158 0.280023 0.294777 0.275744 0.195636 0.0597011 0.188955 0.96591
1.81159 0.904023 0.800038 1.70765 0.386384 -0.0703699 0.267013 0.349669 0.27897 0.287932 0.0672841 0.223667 0.953198
1.85159 0.942221 0.730019 1.74595 0.384423 -0.0269197 0.301021 0.419444 0.267084 0.319486 0.0905848 0.26044 0.887529
1.88463 0.969691 0.68545 1.7874 0.384334 0.0255589 0.288235 0.404667 0.287969 0.35814 0.112162 0.28268 0.796159
1.91998 0.996457 0.60105 1.82767 0.386379 0.0810076 0.194134 0.297778 0.288139 0.398372 0.141376 0.300607 0.686764
1.95623 1.02255 0.371976 1.86633 0.390509 0.136989 0.266473 0.374301 0.267424 0.404683 0.175376 0.31384 0.523768
1.99394 1.04933 0.373834 1.90295 0.396514 0.190793 0.284325 0.334059 0.264877 0.377073 0.213139 0.323717 0.380917
2.03352 1.07107 0.37239 1.94312 0.405379 0.245673 0.300837 0.291749 0.281177 0.35183 0.249589 0.323714 0.247772
2.07296 1.09146 0.290903 1.98247 0.416162 0.290733 0.359344 0.260836 0.297647 0.302132 0.28027 0.321017 0.125176
2.11357 1.10936 0.205655 2.02383 0.429417 0.332254 0.401572 0.25291 0.323965 0.313965 0.306613 0.31349 0.0420742
2.15263 1.12315 0.142219 2.07141 0.446936 0.375976 0.380288 0.191393 0.351981 0.300554 0.323842 0.299153 -0.0595518
2.19993 1.12987 0.127836 2.11833 0.466442 0.413463 0.494303 0.212841 0.368111 0.258745 0.341272 0.27474 -0.158177
2.23645 1.13737 0.627646 2.16773 0.48898 0.447293 0.370996 0.0641499 0.394429 0.237446 0.342409 0.254881 -0.107821
2.264 1.14348 0.440752 2.21695 0.513235 0.470959 0.608624 0.272523 0.395957 0.162504 0.327902 0.240285 -0.0727128
2.29861 1.15068 0.441755 2.26986 0.540876 0.493346 0.701092 0.346234 0.411069 0.152249 0.314105 0.223474 -0.0202163
2.32522 1.15145 0.549517 2.3221 0.569607 0.514267 0.692015 0.404288 0.432463 0.180648 0.288921 0.205046 0.0642835
2.34537 1.15808 0.779724 2.37725 0.601456 0.534229 0.593352 0.290332 0.461328 0.133317 0.255982 0.195295 0.0823409
2.36744 1.17409 1.05894 2.4351 0.636458 0.555078 0.432436 0.0724548 0.497324 0.152249 0.225834 0.192573 0.216038
2.38166 1.19053 1.08494 2.49745 0.675959 0.576389 0.384252 0.0350877 0.482552 0.13095 0.183352 0.194541 0.355522
2.39675 1.21439 1.00976 2.55175 0.711975 0.596659 0.368734 0.0554201 0.456573 0.125428 0.154082 0.202697 0.450314
2.41155 1.23896 0.97173 2.60274 0.747319 0.617059 0.342905 0.0659732 0.422954 0.120695 0.128548 0.211611 0.477916
2.42626 1.27 0.917482 2.65112 0.782355 0.638097 0.340403 0.112374 0.394939 0.160927 0.109857 0.225637 0.421513
2.44798 1.31119 0.865154 2.69334 0.81427 0.657953 0.349279 0.117413 0.367602 0.142783 0.109731 0.243225 0.346712
2.47402 1.35174 0.833682 2.73233 0.844954 0.675962 0.381392 0.126261 0.352151 0.127795 0.115561 0.256961 0.284683
2.49613 1.38502 0.828666 2.77131 0.876728 0.692244 0.409584 0.122062 0.375752 0.128583 0.112593 0.266926 0.232635
2.52217 1.41448 0.68568 2.81572 0.914221 0.710136 0.304202 0.0199879 0.401051 0.116751 0.103546 0.270709 0.156793
2.55001 1.44175 0.514653 2.85743 0.95062 0.726015 0.2762 0.0153569 0.384242 0.115962 0.0961699 0.271371 0.0532879
2.58409 1.48064 0.537702 2.89569 0.985111 0.742558 0.25323 -0.0048461 0.358942 0.102551 0.105493 0.275772 -0.0372494
2.61324 1.49939 0.53391 2.93304 1.01996 0.760591 0.227841 -0.0150288 0.325833 0.115962 0.0988228 0.267764 -0.128972
2.64494 1.521 0.415658 2.96404 1.0499 0.776778 0.28254 0.00411595 0.297308 0.104918 0.102652 0.259666 -0.212665
2.67542 1.54273 0.327444 2.99265 1.07834 0.786469 0.354713 -0.0174657 0.291535 0.0323431 0.104647 0.252574 -0.269158
2.71285 1.5591 0.207796 3.02402 1.10988 0.788753 0.432512 -0.00402358 0.306986 0.00631082 0.0994234 0.237351 -0.353918
2.75411 1.57181 0.246291 3.05621 1.14236 0.791889 0.384143 -0.0137064 0.334492 0.0410205 0.093411 0.216681 -0.428959
2.7883 1.5838 0.576233 3.09077 1.17741 0.792859 0.239545 -0.175416 0.365395 -0.00157769 0.0772219 0.200681 -0.389785
2.81559 1.60204 0.682928 3.12612 1.21337 0.794776 0.457546 0.0795155 0.351641 0.0402316 0.0598881 0.193877 -0.302831
2.84746 1.61917 0.776664 3.16294 1.25096 0.797202 0.431918 0.0597396 0.361489 0.0244545 0.0429924 0.182966 -0.16304
2.88975 1.63159 0.910232 3.20001 1.28894 0.798397 0.34672 -0.0365997 0.391882 0.0236656 0.0289089 0.161341 0.00175052
2.9117 1.66231 1.08167 3.23777 1.32777 0.800278 0.269479 -0.0852568 0.376261 0.0252434 0.0129447 0.166979 0.126227
2.92836 1.69353 1.16809 3.27274 1.36387 0.802183 0.191701 -0.141327 0.347057 -0.00315544 -0.00240841 0.176725 0.245613
2.94776 1.73136 1.08005 3.30707 1.39943 0.804349 0.193303 -0.100953 0.317004 0.0134106 -0.0100971 0.18906 0.319294
2.97542 1.76784 1.02894 3.33597 1.42951 0.806029 0.192797 -0.0698327 0.292384 0.0268211 -0.00552352 0.194405 0.347291
3.00319 1.81143 0.949423 3.36233 1.45703 0.8081 0.236627 -0.0326196 0.263009 0.0118328 0.00809899 0.204488 0.31216
3.03348 1.85301 0.762605 3.38772 1.48364 0.80797 0.153683 -0.107025 0.239918 -0.0212991 0.0222407 0.211301 0.210918
3.06138 1.8931 0.503397 3.40979 1.50664 0.803627 0.175144 -0.0747071 0.217844 -0.0291876 0.0363697 0.219051 0.0710977
3.10244 1.93422 0.510281 3.42912 1.52661 0.798929 0.166056 -0.0932111 0.190168 -0.0362873 0.0642449 0.218405 -0.0538698
3.14836 1.96702 0.473719 3.44638 1.54423 0.790611 0.184922 -0.115493 0.171491 -0.070997 0.0908778 0.209226 -0.164477
3.19071 1.99559 0.454623 3.46501 1.56281 0.776175 0.218653 -0.140262 0.184056 -0.102551 0.107443 0.200995 -0.227037
3.23373 2.02128 0.444579 3.48525 1.58238 0.759964 0.245137 -0.148893 0.20545 -0.112017 0.120045 0.19141 -0.22553
3.27508 2.04477 0.406439 3.50729 1.60301 0.744191 0.290063 -0.142723 0.227353 -0.117539 0.128415 0.182266 -0.235718
3.31645 2.06251 0.666317 3.53524 1.62828 0.724927 0.218577 -0.207364 0.260972 -0.119117 0.124154 0.170112 -0.168304
3.34808 2.0838 0.629516 3.56223 1.6518 0.707154 0.437413 -0.0188601 0.246879 -0.123061 0.117859 0.167543 -0.106808
3.37934 2.09778 0.767297 3.58921 1.67446 0.688908 0.43833 0.0307949 0.264028 -0.111229 0.107089 0.160189 -0.00788235
3.41164 2.11565 0.970764 3.61947 1.69897 0.671584 0.324152 -0.0888769 0.291535 -0.136472 0.0965775 0.155506 0.150522
3.43757 2.13857 0.979627 3.65585 1.72727 0.651362 0.336281 -0.0526586 0.324305 -0.113595 0.0757702 0.159421 0.249072
3.46275 2.16321 1.13037 3.69267 1.75501 0.640393 0.22748 -0.107273 0.338228 -0.0504868 0.0595471 0.164694 0.385255
3.48052 2.1882 1.10853 3.72924 1.78206 0.632867 0.202029 -0.0880124 0.319041 -0.0354985 0.0396597 0.174595 0.478088
3.50018 2.22059 1.02533 3.76513 1.8082 0.625247 0.202685 -0.0725678 0.284234 -0.0631084 0.0265385 0.189448 0.499351
3.52785 2.26249 0.881468 3.79551 1.82996 0.617165 0.274596 0.0147455 0.258425 -0.0457536 0.0320292 0.207641 0.482892
3.56106 2.29029 0.67915 3.82505 1.85078 0.610551 0.134614 -0.0853668 0.264028 -0.0370762 0.0356775 0.211459 0.376702
3.59112 2.32312 0.640216 3.85466 1.87147 0.608941 0.114998 -0.0923014 0.245691 -0.0212991 0.0421717 0.221212 0.261233
3.62859 2.35345 0.4417 3.88272 1.891 0.607072 0.203612 -0.00674269 0.220222 -0.00552201 0.0550933 0.224785 0.117194
3.66878 2.38731 0.388151 3.90642 1.90744 0.605675 0.25598 0.00640766 0.204091 -0.011044 0.0778284 0.229801 -0.00473857
3.70858 2.41745 0.342719 3.93115 1.92455 0.604752 0.346748 0.0229012 0.226164 0 0.097155 0.232025 -0.0879232
3.75454 2.44338 0.344021 3.96092 1.94511 0.602516 0.370477 -0.0143332 0.249766 -0.0402317 0.112337 0.227484 -0.159735
3.80421 2.46989 0.350094 3.99238 1.96675 0.602575 0.373642 -0.00223845 0.280668 -0.000788877 0.130131 0.221171 -0.182696
3.85387 2.49217 0.6919 4.02739 1.99082 0.601723 0.321725 -0.0451149 0.309193 -0.0181437 0.14075 0.211518 -0.105907
3.89482 2.5164 0.75931 4.06413 2.01597 0.597452 0.460482 0.0451213 0.320569 -0.0457537 0.141533 0.208985 0.00251239
3.9377 2.53903 0.826099 4.10525 2.04377 0.590979 0.428332 0.0329949 0.34434 -0.0378651 0.136816 0.204622 0.129504
3.97842 2.56911 0.95692 4.1471 2.07168 0.584601 0.356134 -0.0317367 0.375582 -0.0457536 0.133843 0.207915 0.287589
4.01504 2.59935 1.00098 4.18999 2.09987 0.578389 0.309148 -0.0373156 0.361829 -0.0181437 0.126556 0.21387 0.371071
4.0371 2.62739 1.04015 4.23297 2.12781 0.573727 0.265658 -0.048234 0.329398 -0.0268211 0.106647 0.225904 0.445944
4.06647 2.66618 1.03784 4.27012 2.15172 0.569396 0.230125 -0.0541446 0.301383 -0.0339208 0.105837 0.243093 0.503211
4.09715 2.71612 0.90659 4.30401 2.17331 0.564935 0.283896 0.0120778 0.277442 -0.0299765 0.115881 0.269213 0.49509
4.12291 2.758 0.80134 4.33921 2.19554 0.562639 0.364583 0.100353 0.283554 0.0078885 0.117074 0.291136 0.447475
4.12291 2.758 0.80134 4.3713 2.21581 0.563621 0.37583 0.0966835 0.296459 -0.00788857 0.0796982 0.291032 0.38679
4.12291 2.758 0.80134 4.41194 2.24152 0.565716 0.398454 0.119485 0.332115 0.0236656 0.032843 0.29094 0.32557
4.12291 2.758 0.80134 4.45355 2.26799 0.567148 0.410532 0.109361 0.358942 0.00946632 -0.0156214 0.290925 0.297825
4.12291 2.758 0.80134 4.50145 2.29857 0.569526 0.424378 0.115198 0.394939 0.0189325 -0.0710498 0.291032 0.295447
4.12291 2.758 0.80134 4.54891 2.32911 0.575454 0.42342 0.144234 0.412257 0.0646862 -0.123981 0.291649 0.289519
