-0.0490014 0.788603 -0.254531 0 0.5 0 0.0375431 -0.00433641 0 0 -0.0490014 -0.0113971 -0.254531
-0.0490014 0.788603 -0.254531 0 0.5 0 0.0424666 -0.00583458 0 0 -0.0490014 -0.0113971 -0.127266
-0.0360674 0.792298 -0.391377 0.00137532 0.5 0.00016566 0.124389 0.0853954 0.015621 -0.00157771 -0.0373943 -0.00769617 -0.215468
-0.0206542 0.793051 -0.412437 0.0067289 0.500001 0.000260322 0.16744 0.104646 0.015621 0 -0.0273068 -0.00694317 -0.264847
-0.00681657 0.794574 -0.446161 0.0165879 0.500003 0.000532478 0.235271 0.139625 0.068087 0.00709971 -0.0232476 -0.00541672 -0.313026
0.00811292 0.796151 -0.407111 0.0298649 0.5 2.72848e-10 0.243824 0.106475 0.0991591 -0.00788855 -0.021752 -0.00384928 -0.350639
0.0269213 0.795668 -0.386 0.0474767 0.500019 0.000650806 0.270058 0.0863385 0.130571 -0.0102551 -0.0203629 -0.00433833 -0.349945
0.0503522 0.792023 -0.331537 0.0689419 0.500039 0.00095846 0.276888 0.0388937 0.160115 -0.00236656 -0.0183099 -0.00799793 -0.330028
0.0770252 0.784511 -0.333909 0.0964178 0.500057 0.000556143 0.303543 0.0150104 0.192715 -0.00867741 -0.0192344 -0.0155361 -0.301563
0.102322 0.773682 -0.315372 0.12616 0.500072 0.000579809 0.312819 -0.0111269 0.222599 0.00709969 -0.0236803 -0.0263759 -0.278652
0.131089 0.76186 -0.327903 0.159782 0.500094 0.000709969 0.333393 -0.017904 0.252312 0.00157769 -0.0285069 -0.0382137 -0.264258
0.162098 0.746765 -0.435436 0.197468 0.500121 0.000745467 0.394076 0.0522849 0.279819 0 -0.0351864 -0.0533298 -0.290268
0.188593 0.735476 -0.416872 0.242319 0.500154 0.00084013 0.381321 0.050059 0.312759 0.00946626 -0.0535284 -0.0646332 -0.311103
0.215372 0.725354 -0.268801 0.288252 0.500191 0.000828298 0.338485 -0.0156352 0.341624 -0.00315538 -0.0726943 -0.0747768 -0.299449
0.246981 0.719492 0.327267 0.33606 0.500224 -1.18324e-05 0.361356 0.0318581 0.33636 -0.0212991 -0.0890823 -0.0807339 -0.134816
0.281159 0.717785 0.452941 0.388045 0.500171 -0.0015146 0.326362 -0.00573748 0.359282 0.0236656 -0.107216 -0.0825475 0.0887812
0.315045 0.717123 0.53481 0.43637 0.500165 0.0015856 0.112133 -0.270233 0.333304 0.0181437 -0.12098 -0.0828495 0.323602
0.344855 0.717821 0.306393 0.481299 0.500266 0.0032067 0.191799 -0.128556 0.314457 0.0141994 -0.135746 -0.0820088 0.465779
0.387927 0.727222 0.21427 0.522602 0.500433 0.0047568 0.199846 -0.0780923 0.284403 0.00709969 -0.133594 -0.0725726 0.435979
0.431757 0.741813 0.19295 0.562094 0.500653 0.00650806 0.181217 -0.0686501 0.253501 0.00867745 -0.128764 -0.0579971 0.36923
0.481313 0.757464 0.0629372 0.595019 0.500891 0.00804633 0.219928 0.0174369 0.224297 0.0102551 -0.111638 -0.0425199 0.249724
0.525813 0.769093 -0.0182342 0.625718 0.501172 0.0106495 0.230026 0.0563588 0.22124 0.0228768 -0.0970462 -0.0310301 0.165964
0.575303 0.774738 -0.0401403 0.659378 0.501582 0.0150395 0.173014 -0.00758655 0.224806 0.0394428 -0.079957 -0.0256108 0.0979713
0.628856 0.77506 -0.130508 0.690057 0.502177 0.0240088 0.171507 -0.0177812 0.208676 0.0512756 -0.0546322 -0.0257269 0.00813765
0.682827 0.772209 -0.164447 0.7171 0.502912 0.0307772 0.172466 -0.0533283 0.187621 0.0449648 -0.0259702 -0.0297749 -0.0554767
0.731549 0.773706 -0.187232 0.742002 0.503678 0.0284343 0.185304 -0.117557 0.176075 -0.0323431 -0.0027718 -0.0297846 -0.0953834
0.780597 0.769581 -0.22983 0.768655 0.504319 0.0170511 0.216454 -0.151605 0.183546 -0.100185 0.016463 -0.0349798 -0.131423
0.829639 0.757846 -0.27624 0.796109 0.504582 0.000911124 0.249997 -0.147022 0.204431 -0.119906 0.0337609 -0.046766 -0.151716
0.873063 0.744893 -0.28855 0.82666 0.504359 -0.0165541 0.279741 -0.135718 0.231768 -0.144361 0.0424152 -0.0587309 -0.165276
0.907271 0.73887 -0.168315 0.86414 0.503389 -0.0361375 0.271297 -0.13827 0.263858 -0.138839 0.034595 -0.0631149 -0.140964
0.943571 0.728514 -0.0124052 0.901905 0.501689 -0.0553658 0.359299 -0.00104738 0.274216 -0.145938 0.0290503 -0.0712173 -0.0673789
0.976898 0.716126 0.138467 0.94095 0.499161 -0.0747835 0.479234 0.189202 0.291025 -0.143572 0.0196368 -0.0809556 0.0557154
1.00787 0.715594 0.429881 0.983874 0.495551 -0.0941302 0.403098 0.0876223 0.316834 -0.140416 0.00320525 -0.0786759 0.25467
1.04238 0.718878 0.619191 1.03396 0.490312 -0.114589 0.244401 -0.129759 0.349434 -0.13095 -0.0177742 -0.0719711 0.472005
1.06982 0.720962 0.426329 1.08216 0.484329 -0.133652 0.195702 -0.156451 0.340944 -0.127795 -0.0437579 -0.0671212 0.600752
1.09653 0.729691 0.414531 1.12655 0.477993 -0.151614 0.148923 -0.144885 0.310212 -0.12385 -0.0676885 -0.055723 0.68773
1.1296 0.747196 0.585061 1.16944 0.471065 -0.170428 -0.00402919 -0.242988 0.27931 -0.125428 -0.0861018 -0.034628 0.745339
1.16786 0.770084 0.596474 1.20536 0.464576 -0.18858 0.138092 -0.0143245 0.251124 -0.131739 -0.0941125 -0.00693905 0.757812
1.19815 0.781476 0.288221 1.23731 0.458208 -0.206767 0.292396 0.320448 0.223617 -0.12385 -0.104691 0.00834332 0.741472
1.23679 0.796491 0.355112 1.26648 0.45188 -0.218836 0.24876 0.317643 0.215637 -0.0552199 -0.103797 0.0299458 0.738686
1.2842 0.804542 -0.00250589 1.29824 0.444815 -0.215405 0.148274 0.206407 0.218014 0.0757301 -0.0905967 0.0484146 0.588363
1.33057 0.814895 -0.0811819 1.32699 0.438731 -0.199762 0.136565 0.164677 0.202563 0.115962 -0.071132 0.0693947 0.403306
1.36592 0.823779 -0.131967 1.35197 0.433864 -0.183279 0.141538 0.129601 0.173868 0.126217 -0.057339 0.0859283 0.281776
1.41044 0.825428 -0.133422 1.3746 0.42985 -0.165861 0.131927 0.0832501 0.145513 0.112806 -0.0299613 0.0960662 0.142224
1.45915 0.820729 -0.123074 1.39366 0.426806 -0.151034 0.12899 0.0557691 0.133118 0.0867741 0.00547965 0.0992936 0.0972557
1.50232 0.820631 -0.106565 1.41172 0.424143 -0.142053 0.145516 0.0512287 0.128533 0.0560087 0.0335504 0.105321 0.0819288
1.54426 0.812452 -0.157785 1.43068 0.421506 -0.1339 0.185155 0.0686279 0.143305 0.0631084 0.0603744 0.10261 0.0673216
1.58159 0.809085 0.0130328 1.45372 0.418484 -0.12673 0.148946 0.00372581 0.161813 0.0402317 0.0774692 0.103629 0.0967646
1.61634 0.809151 0.204565 1.4769 0.415611 -0.119985 0.206993 0.103967 0.157568 0.0410205 0.0913318 0.107401 0.17193
1.64614 0.809039 0.424734 1.49959 0.412922 -0.116139 0.365825 0.29614 0.169623 0.02761 0.0996639 0.110431 0.300909
1.67457 0.810035 0.548162 1.52774 0.409688 -0.112933 0.367706 0.284807 0.193224 -0.00788854 0.100784 0.114344 0.474189
1.70444 0.819479 0.703734 1.55847 0.406258 -0.109051 0.327705 0.255446 0.234145 0.0370762 0.100131 0.126654 0.642983
1.73236 0.831711 0.818892 1.59285 0.402548 -0.105797 0.290718 0.187269 0.257067 0.0189325 0.09341 0.141495 0.79331
1.75563 0.844969 0.841017 1.63008 0.398701 -0.0973014 0.289545 0.250068 0.272008 0.0978181 0.0816035 0.156355 0.888885
1.78016 0.869719 0.816835 1.67143 0.395079 -0.0728903 0.289891 0.338339 0.279649 0.21378 0.0738797 0.181298 0.931642
1.81159 0.904023 0.800038 1.71104 0.392819 -0.035676 0.279256 0.392797 0.285931 0.309231 0.0822503 0.214465 0.918504
1.85159 0.942221 0.730019 1.75096 0.392286 0.0142704 0.318698 0.493436 0.281687 0.387328 0.108468 0.248443 0.846339
1.88463 0.969691 0.68545 1.79429 0.394117 0.0733162 0.304563 0.452984 0.300194 0.399161 0.132264 0.26741 0.748402
1.91998 0.996457 0.60105 1.83652 0.398421 0.135095 0.216019 0.340907 0.306816 0.458325 0.16325 0.281345 0.632676
1.95623 1.02255 0.371976 1.87721 0.405158 0.198247 0.289031 0.405287 0.289158 0.453592 0.199074 0.289733 0.462509
1.99394 1.04933 0.373834 1.91573 0.414073 0.259163 0.306816 0.343829 0.28712 0.406261 0.238396 0.294001 0.312547
2.03352 1.07107 0.37239 1.95818 0.426627 0.318102 0.321814 0.297496 0.302571 0.388117 0.273115 0.288547 0.175343
2.07296 1.09146 0.290903 1.99925 0.44119 0.364984 0.379864 0.244749 0.32006 0.313176 0.300963 0.281123 0.0509248
2.11357 1.10936 0.205655 2.04205 0.458503 0.406209 0.416422 0.213047 0.339416 0.297399 0.322868 0.269641 -0.031881
2.15263 1.12315 0.142219 2.09086 0.480745 0.451032 0.393702 0.153787 0.367432 0.299765 0.335615 0.251234 -0.134607
2.19993 1.12987 0.127836 2.13817 0.504721 0.487099 0.504488 0.141906 0.380676 0.203525 0.347184 0.223533 -0.231813
2.23645 1.13737 0.627646 2.18654 0.531137 0.51358 0.377732 -0.0113521 0.402749 0.18617 0.341312 0.203507 -0.174109
2.264 1.14348 0.440752 2.23624 0.559908 0.535897 0.615483 0.226391 0.406145 0.123061 0.321852 0.187588 -0.137651
2.29861 1.15068 0.441755 2.28908 0.59185 0.551588 0.705341 0.296127 0.420747 0.0867741 0.300965 0.170959 -0.0784575
2.32522 1.15145 0.549517 2.34163 0.624744 0.567503 0.703452 0.367483 0.457762 0.119906 0.269278 0.152962 0.0110476
2.34537 1.15808 0.779724 2.39692 0.660563 0.58324 0.597063 0.269143 0.476949 0.0954516 0.230968 0.143657 0.0333293
2.36744 1.17409 1.05894 2.45918 0.702346 0.600055 0.433199 0.0329474 0.506832 0.108073 0.190679 0.141138 0.171061
2.38166 1.19053 1.08494 2.51755 0.742865 0.614763 0.389168 0.00960023 0.50072 0.108073 0.147187 0.144075 0.317148
2.39675 1.21439 1.00976 2.57222 0.782063 0.630442 0.363861 0.0303772 0.462856 0.0962404 0.11312 0.152659 0.416531
2.41155 1.23896 0.97173 2.62306 0.819724 0.645398 0.344133 0.0366623 0.441292 0.0780967 0.0832066 0.162145 0.449576
2.42626 1.27 0.917482 2.67343 0.858244 0.661479 0.338936 0.0793482 0.412767 0.108073 0.0578944 0.176747 0.398131
2.44798 1.31119 0.865154 2.71636 0.892123 0.676542 0.345244 0.095049 0.38526 0.101762 0.0531179 0.194797 0.328123
2.47402 1.35174 0.833682 2.75601 0.924402 0.691511 0.367554 0.120851 0.358603 0.11044 0.0553052 0.208997 0.269134
2.49613 1.38502 0.828666 2.79692 0.958779 0.707095 0.384049 0.111792 0.366074 0.105707 0.048226 0.21945 0.217784
2.52217 1.41448 0.68568 2.8367 0.99333 0.723945 0.277053 0.0198412 0.388317 0.122273 0.043305 0.223849 0.142984
2.55001 1.44175 0.514653 2.87588 1.02846 0.739233 0.244301 0.00396253 0.365395 0.112017 0.0376299 0.22496 0.0400707
2.58409 1.48064 0.537702 2.91158 1.06147 0.754686 0.216349 -0.0129114 0.332285 0.111229 0.0485796 0.229711 -0.0493781
2.61324 1.49939 0.53391 2.94606 1.0944 0.771501 0.196471 -0.0310912 0.306986 0.121484 0.0437802 0.222368 -0.139882
2.64494 1.521 0.415658 2.97485 1.1228 0.786895 0.252511 -0.00244516 0.27931 0.128583 0.0490533 0.214786 -0.222782
2.67542 1.54273 0.327444 3.00115 1.1495 0.797616 0.317111 -0.0284567 0.263858 0.048909 0.053939 0.207761 -0.280305
2.71285 1.5591 0.207796 3.02922 1.1784 0.802148 0.393293 -0.00970138 0.281007 0.0307653 0.0537424 0.192075 -0.367313
2.75411 1.57181 0.246291 3.05797 1.20823 0.804467 0.343925 -0.069537 0.300364 -0.00552201 0.0512229 0.171061 -0.441537
2.7883 1.5838 0.576233 3.08924 1.24077 0.806561 0.204955 -0.217074 0.332285 -0.0134106 0.0393905 0.154627 -0.403488
2.81559 1.60204 0.682928 3.12063 1.27342 0.803071 0.417688 0.0223891 0.318192 -0.022088 0.0245904 0.147711 -0.311126
2.84746 1.61917 0.776664 3.15377 1.30764 0.79984 0.39908 0.0262871 0.334322 -0.0118328 0.0100035 0.13678 -0.165678
2.88975 1.63159 0.910232 3.18742 1.34215 0.796338 0.310758 -0.0874563 0.351811 -0.0394428 -0.0012703 0.115189 0.00380944
2.9117 1.66231 1.08167 3.22204 1.37741 0.792066 0.243285 -0.122347 0.346548 -0.0197214 -0.0151811 0.121007 0.134439
2.92836 1.69353 1.16809 3.25677 1.41249 0.788161 0.168146 -0.148492 0.318871 -0.00473319 -0.032298 0.131036 0.259635
2.94776 1.73136 1.08005 3.28628 1.44206 0.784233 0.171921 -0.120673 0.292723 -0.0157771 -0.0353186 0.143899 0.33941
2.97542 1.76784 1.02894 3.3131 1.46871 0.780506 0.166532 -0.0913824 0.260802 -0.0141995 -0.0294718 0.150152 0.372814
3.00319 1.81143 0.949423 3.33717 1.49246 0.776553 0.209165 -0.0530712 0.230919 -0.0394428 -0.0147021 0.161593 0.343706
3.03348 1.85301 0.762605 3.3603 1.51507 0.770637 0.131405 -0.109349 0.211392 -0.043387 0.000923244 0.170124 0.248251
3.06138 1.8931 0.503397 3.38027 1.53434 0.763537 0.153962 -0.0770279 0.189319 -0.0528533 0.0177099 0.179675 0.111187
3.10244 1.93422 0.510281 3.39766 1.55086 0.755799 0.146837 -0.0967586 0.162152 -0.0575865 0.0481018 0.181462 -0.0107392
3.14836 1.96702 0.473719 3.41418 1.56628 0.743114 0.16876 -0.128632 0.147211 -0.104918 0.0753908 0.174944 -0.11698
3.19071 1.99559 0.454623 3.43047 1.58105 0.729092 0.20551 -0.133369 0.16368 -0.102551 0.0973528 0.168882 -0.179954
3.23373 2.02128 0.444579 3.44903 1.59735 0.711331 0.232444 -0.153724 0.185074 -0.127795 0.113671 0.161681 -0.176897
3.27508 2.04477 0.406439 3.47086 1.61585 0.693321 0.282682 -0.145689 0.215977 -0.13095 0.123541 0.155019 -0.184848
3.31645 2.06251 0.666317 3.49817 1.63813 0.674329 0.211663 -0.208001 0.24603 -0.12385 0.123029 0.144949 -0.117707
3.34808 2.0838 0.629516 3.52518 1.65936 0.656154 0.42634 -0.00197669 0.237371 -0.124639 0.118611 0.144356 -0.0558085
3.37934 2.09778 0.767297 3.55161 1.67936 0.637979 0.423789 0.0428022 0.24637 -0.133317 0.110813 0.138719 0.0430462
3.41164 2.11565 0.970764 3.58383 1.70278 0.618005 0.314078 -0.0646135 0.274555 -0.13805 0.0988847 0.13627 0.204101
3.43757 2.13857 0.979627 3.61769 1.72643 0.60054 0.322623 -0.024295 0.301043 -0.115962 0.0842917 0.14181 0.299894
3.46275 2.16321 1.13037 3.65374 1.75082 0.590115 0.221812 -0.080961 0.319211 -0.0473313 0.0707885 0.148924 0.435532
3.48052 2.1882 1.10853 3.69003 1.77503 0.585784 0.19648 -0.0560592 0.299345 -0.0260323 0.0538428 0.160119 0.525171
3.50018 2.22059 1.02533 3.72553 1.79849 0.581276 0.201898 -0.0188894 0.273027 -0.0252434 0.0434233 0.176511 0.543321
3.52785 2.26249 0.881468 3.75533 1.818 0.57788 0.268714 0.0553119 0.244842 -0.0362873 0.0522545 0.196577 0.522177
3.56106 2.29029 0.67915 3.78399 1.83662 0.574307 0.137097 -0.0479474 0.250615 -0.0189325 0.0592914 0.201994 0.412946
3.59112 2.32312 0.640216 3.81465 1.85644 0.573715 0.124196 -0.0482611 0.240427 0.0173548 0.0655445 0.213284 0.296459
3.62859 2.35345 0.4417 3.84024 1.87296 0.573017 0.205193 0.014397 0.209015 -0.000788844 0.0826604 0.218485 0.151249
3.66878 2.38731 0.388151 3.86437 1.88854 0.574815 0.26491 0.0438957 0.206978 0.0244545 0.107015 0.224944 0.0261214
3.70858 2.41745 0.342719 3.88952 1.90487 0.577253 0.349479 0.0432448 0.223448 0.0157771 0.128108 0.228265 -0.0604237
3.75454 2.44338 0.344021 3.92002 1.92477 0.579087 0.379079 0.0294703 0.25435 0.0189325 0.14532 0.224615 -0.136306
3.80421 2.46989 0.350094 3.95184 1.94561 0.581099 0.382251 0.0165612 0.283045 0.0291877 0.164401 0.219266 -0.16122
3.85387 2.49217 0.6919 3.987 1.96873 0.583442 0.329997 -0.00646959 0.306137 0.0481202 0.177256 0.21018 -0.0876253
3.89482 2.5164 0.75931 4.02773 1.99566 0.583879 0.473729 0.0715023 0.330587 -0.0118328 0.176171 0.207743 0.0160846
3.9377 2.53903 0.826099 4.06745 2.02187 0.582708 0.442191 0.0659896 0.352321 0.00394425 0.176244 0.203223 0.137776
3.97842 2.56911 0.95692 4.11052 2.05023 0.581915 0.370102 -0.00405398 0.378129 -0.0102551 0.174828 0.206084 0.290275
4.01504 2.59935 1.00098 4.15484 2.07936 0.581122 0.330169 -0.0171949 0.370658 0.00709969 0.168604 0.211369 0.368338
4.0371 2.62739 1.04015 4.19963 2.10876 0.580282 0.298847 -0.0325449 0.353679 -0.0102551 0.148423 0.22285 0.439389
4.06647 2.66618 1.03784 4.23847 2.1342 0.579702 0.260028 -0.0232463 0.32006 0.00394432 0.147506 0.239284 0.492905
4.09715 2.71612 0.90659 4.27402 2.15747 0.579407 0.30684 0.045137 0.292214 0.00394425 0.157873 0.264313 0.480618
4.12291 2.758 0.80134 4.3107 2.18146 0.5793 0.38555 0.131697 0.300194 0.0331319 0.15847 0.285279 0.430815
4.12291 2.758 0.80134 4.3471 2.20529 0.581702 0.404915 0.145524 0.325663 0.0441759 0.116367 0.284986 0.368709
4.12291 2.758 0.80134 4.38695 2.23169 0.587642 0.424463 0.137033 0.356735 0.0307653 0.0720398 0.284401 0.303643
4.12291 2.758 0.80134 4.43024 2.26067 0.592115 0.433282 0.132146 0.378469 0.0260323 0.0225589 0.284193 0.272858
4.12291 2.758 0.80134 4.47991 2.29423 0.596777 0.443245 0.138926 0.408182 0.0394428 -0.0346561 0.284235 0.268196
4.12291 2.758 0.80134 4.52884 2.32773 0.605344 0.445289 0.167683 0.429746 0.0891407 -0.0889508 0.284803 0.259629
