-0.0490014 -0.0113971 -0.254531 0.000417691 -5.4126e-08 -0.000402316 0.0351767 0.00984229 0 0 -0.0494145 -0.0114169 -0.254129
-0.0490014 -0.0113971 -0.254531 0.000417691 -5.4126e-08 -0.000402316 0.0400037 0.0094121 0 0 -0.0494145 -0.0114169 -0.126863
-0.0360674 -0.00770216 -0.391377 0.00215213 -6.60392e-07 -0.000508812 0.0680684 0.101835 0.0191866 0.00236657 -0.0382156 -0.00772095 -0.214794
-0.0206542 -0.00694894 -0.412437 0.00761776 -2.57843e-06 0.000130161 0.0867129 0.120576 0.0215637 -0.000788856 -0.0282729 -0.00694268 -0.264716
-0.00681657 -0.00542592 -0.446161 0.0161498 1.79555e-05 0.00538394 0.111405 0.173932 0.0606161 0.0370762 -0.0229954 -0.00532015 -0.317878
0.00811292 -0.00384878 -0.407111 0.0284787 0.000142569 0.015785 0.118118 0.174641 0.0843871 0.0749413 -0.0204262 -0.00366939 -0.366424
0.0269213 -0.00433229 -0.386 0.04288 0.000473745 0.0321143 0.136384 0.193327 0.110535 0.131739 -0.0161047 -0.00429115 -0.381409
0.0503522 -0.00797658 -0.331537 0.0599821 0.00119472 0.0537566 0.154966 0.16234 0.127175 0.161715 -0.0101088 -0.00864063 -0.382826
0.0770252 -0.0154894 -0.333909 0.0800095 0.00252454 0.079777 0.176092 0.151806 0.147041 0.178281 -0.00441037 -0.0177189 -0.380784
0.102322 -0.0263176 -0.315372 0.104494 0.00476857 0.103703 0.201641 0.109633 0.173528 0.170393 -0.00537879 -0.0306943 -0.381775
0.131089 -0.0381396 -0.327903 0.130213 0.00770777 0.124671 0.212194 0.0894948 0.190168 0.15146 -0.00483139 -0.0456005 -0.388218
0.162098 -0.0532351 -0.435436 0.158631 0.011499 0.140349 0.211663 0.119443 0.211392 0.108073 -0.00562267 -0.0645825 -0.429872
0.188593 -0.064524 -0.416872 0.18785 0.015816 0.155412 0.188877 0.105581 0.211902 0.112017 -0.0117015 -0.0794867 -0.465676
0.215372 -0.0746459 -0.268801 0.217697 0.0207491 0.173327 0.160054 0.0429744 0.191017 0.109651 -0.0187421 -0.0935647 -0.471948
0.246981 -0.0805083 0.327267 0.242481 0.0252593 0.187823 0.156015 0.0851084 0.17234 0.0922961 -0.0153283 -0.104748 -0.32265
0.281159 -0.0822145 0.452941 0.264655 0.0295932 0.199573 0.162077 0.0173944 0.159436 0.0938738 -0.00598949 -0.11286 -0.112306
0.315045 -0.0828768 0.53481 0.287752 0.0343738 0.206826 0.19195 -0.272347 0.159605 0.0236656 0.00263377 -0.120357 0.118361
0.344855 -0.0821787 0.306393 0.309903 0.0390116 0.202448 0.224073 -0.198266 0.161983 -0.0741524 0.00987077 -0.125743 0.266538
0.387927 -0.0727778 0.21427 0.33328 0.0436277 0.186048 0.249249 -0.178513 0.179301 -0.127795 0.0321718 -0.124505 0.254689
0.431757 -0.0581874 0.19295 0.362849 0.0489272 0.167553 0.281306 -0.171703 0.208166 -0.138839 0.050079 -0.117106 0.208185
0.481313 -0.0425359 0.0629372 0.394432 0.0540041 0.150348 0.303311 -0.0777563 0.239578 -0.12385 0.0714403 -0.108464 0.107422
0.525813 -0.0309068 -0.0182342 0.430087 0.0591064 0.133261 0.308485 -0.0463904 0.264707 -0.119117 0.0829173 -0.101934 0.0433519
0.575303 -0.0252623 -0.0401403 0.469626 0.0640809 0.116352 0.327911 -0.108994 0.291535 -0.117539 0.0945908 -0.101007 -0.0033414
0.628856 -0.0249401 -0.130508 0.515296 0.069111 0.102626 0.348928 -0.0943831 0.315475 -0.0867741 0.103328 -0.10519 -0.0704797
0.682827 -0.0277905 -0.164447 0.562104 0.0736188 0.0885688 0.381399 -0.121492 0.347397 -0.104129 0.111279 -0.11169 -0.113268
0.731549 -0.0262941 -0.187232 0.611899 0.0777346 0.0755526 0.40437 -0.11025 0.367262 -0.0812521 0.111456 -0.112763 -0.142502
0.780597 -0.0304191 -0.22983 0.665603 0.0814632 0.061933 0.422257 -0.112933 0.397485 -0.10334 0.107848 -0.118785 -0.176305
0.829639 -0.0421536 -0.27624 0.727095 0.08482 0.0459587 0.423832 -0.0877242 0.41871 -0.0883518 0.0966022 -0.131551 -0.196763
0.873063 -0.0551066 -0.28855 0.786235 0.0871652 0.0325995 0.40323 -0.0573901 0.423973 -0.0717859 0.0821447 -0.145026 -0.21443
0.907271 -0.06113 -0.168315 0.843812 0.0887186 0.0206601 0.362069 -0.0623919 0.406994 -0.0560087 0.0603496 -0.151128 -0.197761
0.943571 -0.0714863 -0.0124052 0.902871 0.0897093 0.0122115 0.315082 0.0515511 0.37745 -0.0717858 0.0387281 -0.161681 -0.134956
0.976898 -0.0838744 0.138467 0.953879 0.0901374 0.00411782 0.283712 0.229819 0.353509 -0.0536422 0.0223025 -0.174105 -0.0231859
1.00787 -0.0844057 0.429881 1.00163 0.0901906 -0.000686306 0.274651 0.153399 0.337379 -0.00709969 0.00635438 -0.174592 0.161226
1.04238 -0.0811221 0.619191 1.04988 0.0901819 0.000627138 0.26173 -0.0462763 0.310891 0.0181436 -0.00760667 -0.171299 0.356789
1.06982 -0.0790383 0.426329 1.09095 0.090259 0.00297004 0.256696 -0.0806307 0.283045 0.0118328 -0.0216327 -0.169234 0.46413
1.09653 -0.0703094 0.414531 1.12903 0.090381 0.00163293 0.250256 -0.107693 0.265386 -0.0339208 -0.032763 -0.160637 0.534483
1.1296 -0.0528044 0.585061 1.16513 0.0902852 -0.00943077 0.232178 -0.243881 0.252822 -0.0938738 -0.0341759 -0.143418 0.584342
1.16786 -0.0299159 0.596474 1.2024 0.0896031 -0.031002 0.213225 -0.0908741 0.248407 -0.180648 -0.030822 -0.120532 0.600234
1.19815 -0.0185236 0.288221 1.23526 0.0881753 -0.0568804 0.175188 0.228166 0.228711 -0.152249 -0.0309833 -0.108636 0.591585
1.23679 -0.00350921 0.355112 1.26666 0.0861458 -0.0706065 0.17739 0.237161 0.224127 -0.0662639 -0.0234657 -0.0915386 0.590456
1.2842 0.00454236 -0.00250589 1.29761 0.0839578 -0.0681571 0.209013 0.129609 0.218014 0.0410205 -0.0079642 -0.0801439 0.441115
1.33057 0.0148946 -0.0811819 1.32828 0.0820409 -0.0533543 0.233925 0.139743 0.209185 0.132528 0.00587011 -0.0669285 0.256898
1.36592 0.0237792 -0.131967 1.35982 0.0806388 -0.0345637 0.273188 0.107997 0.227183 0.126217 0.00806997 -0.0566146 0.133061
1.41044 0.0254278 -0.133422 1.39376 0.0797684 -0.0155957 0.296255 0.0897704 0.251973 0.141994 0.0175202 -0.0540739 -0.00804081
1.45915 0.0207295 -0.123074 1.43439 0.0795453 0.00558509 0.305454 0.0786009 0.283045 0.141205 0.0244347 -0.0589532 -0.0593637
1.50232 0.0206311 -0.106565 1.47564 0.0801011 0.0218197 0.301391 0.0653644 0.300873 0.105707 0.0253685 -0.0600378 -0.0819441
1.54426 0.0124521 -0.157785 1.5184 0.0812402 0.0316647 0.292782 0.067312 0.304609 0.0915072 0.0236733 -0.0695724 -0.0982434
1.58159 0.00908477 0.0130328 1.56235 0.0828366 0.0416752 0.261951 -0.00189936 0.289327 0.0631085 0.0161499 -0.0744894 -0.0716403
1.61634 0.00915105 0.204565 1.60186 0.0846559 0.0507628 0.230619 0.0826802 0.272857 0.054431 0.0106277 -0.0761422 0.00118196
1.64614 0.00903912 0.424734 1.63827 0.0865811 0.0553422 0.217318 0.252428 0.251803 0.0354985 0.00357044 -0.0778587 0.129427
1.67457 0.0100346 0.548162 1.67209 0.0885763 0.0659444 0.207077 0.307967 0.242125 0.118328 -0.00269759 -0.0785346 0.295312
1.70444 0.0194795 0.703734 1.70705 0.0912513 0.0920003 0.20192 0.305044 0.234145 0.21378 -0.00919749 -0.071228 0.441931
1.73236 0.0317107 0.818892 1.7373 0.0944892 0.125026 0.201555 0.263578 0.210713 0.246912 -0.0127298 -0.0616725 0.562487
1.75563 0.0449693 0.841017 1.76558 0.0985456 0.162488 0.206092 0.28284 0.201714 0.274522 -0.0184834 -0.0512614 0.629095
1.78016 0.0697187 0.816835 1.79386 0.103699 0.201134 0.21896 0.293983 0.207148 0.280833 -0.0202112 -0.0305584 0.657617
1.81159 0.104023 0.800038 1.8249 0.110674 0.243863 0.231417 0.298836 0.217505 0.298976 -0.0145174 -0.00324095 0.638965
1.85159 0.142221 0.730019 1.85548 0.118921 0.285491 0.234989 0.347597 0.230919 0.298187 0.00282824 0.0234532 0.575119
1.88463 0.169691 0.68545 1.88656 0.128743 0.331236 0.24273 0.333375 0.232447 0.336841 0.0114916 0.0393495 0.490481
1.91998 0.196457 0.60105 1.9203 0.141268 0.382224 0.266421 0.199867 0.245011 0.333686 0.0202885 0.0513253 0.385547
1.95623 0.222548 0.371976 1.95181 0.154692 0.42442 0.270209 0.248259 0.249256 0.298187 0.0319712 0.0600154 0.236336
1.99394 0.249332 0.373834 1.985 0.170384 0.460404 0.292004 0.203081 0.27082 0.2548 0.0430863 0.0667556 0.111306
2.03352 0.271067 0.37239 2.02201 0.18957 0.497298 0.298848 0.171906 0.286101 0.240601 0.0489922 0.0661358 -0.00385327
2.07296 0.291458 0.290903 2.05812 0.209789 0.524266 0.307801 0.137165 0.299345 0.17907 0.0537295 0.0632719 -0.108357
2.11357 0.309365 0.205655 2.09459 0.231392 0.54547 0.313821 0.0902402 0.307495 0.12385 0.0566747 0.0568126 -0.171142
2.15263 0.323147 0.142219 2.13149 0.254198 0.561421 0.318789 0.0155943 0.313608 0.0780968 0.0546071 0.0471074 -0.244996
2.19993 0.329869 0.127836 2.17128 0.279491 0.569159 0.305022 0.0422166 0.318362 0.0307654 0.0512793 0.0269985 -0.313873
2.23645 0.337374 0.627646 2.20783 0.302945 0.572863 0.284711 -0.0659968 0.307835 0.0528533 0.0427136 0.0134179 -0.233391
2.264 0.343483 0.440752 2.24327 0.32591 0.575206 0.255629 0.161735 0.299685 0.00709969 0.0269523 0.00346959 -0.17696
2.29861 0.35068 0.441755 2.27949 0.349365 0.575549 0.239306 0.260007 0.283554 0.0283988 0.0167512 -0.00930032 -0.102419
2.32522 0.351446 0.549517 2.31199 0.370645 0.586636 0.217506 0.3489 0.272348 0.100974 0.000387482 -0.0233105 -0.00808605
2.34537 0.358077 0.779724 2.3424 0.391225 0.606338 0.199744 0.306481 0.258085 0.160927 -0.0164468 -0.0289329 0.0102316
2.36744 0.374093 1.05894 2.37022 0.41101 0.632441 0.216611 0.0890526 0.233126 0.177493 -0.0240671 -0.0281316 0.138675
2.38166 0.390527 1.08494 2.39716 0.431229 0.654533 0.215178 0.0262855 0.22175 0.118328 -0.0370779 -0.0228519 0.277378
2.39675 0.414391 1.00976 2.42112 0.44978 0.662367 0.200945 -0.00103105 0.214618 0.0394428 -0.0409786 -0.0129201 0.384606
2.41155 0.438963 0.97173 2.4441 0.467762 0.664745 0.196306 -0.0114206 0.199846 -0.00394428 -0.0433845 -0.00258734 0.430229
2.42626 0.470002 0.917482 2.46742 0.486027 0.663573 0.204846 0.0101728 0.19662 -0.011044 -0.0422978 0.0127289 0.396037
2.44798 0.511194 0.865154 2.4897 0.503441 0.663857 0.221447 0.0495656 0.202393 0.011044 -0.0280772 0.0318087 0.340808
2.47402 0.551742 0.833682 2.51301 0.521717 0.666472 0.249952 0.0908125 0.215637 0.0347097 -0.0120836 0.047704 0.294173
2.49613 0.585021 0.828666 2.53826 0.541721 0.67375 0.282817 0.104029 0.23788 0.054431 -0.00590766 0.060124 0.251129
2.52217 0.61448 0.68568 2.56796 0.565654 0.683843 0.295094 0.0250244 0.265556 0.0741524 -0.00464325 0.0667742 0.183085
2.55001 0.641752 0.514653 2.59847 0.590757 0.692706 0.300111 -0.000141943 0.288309 0.0441758 -0.00471951 0.0701857 0.0865974
2.58409 0.680638 0.537702 2.63046 0.617368 0.69422 0.297103 -0.0449211 0.297817 -0.00946632 0.00484033 0.0782939 0.0110877
2.61324 0.699387 0.53391 2.66462 0.64574 0.690221 0.285446 -0.0799935 0.296798 -0.0410205 -0.00545942 0.0740803 -0.0586019
2.64494 0.721 0.415658 2.69608 0.671543 0.681701 0.276205 -0.0732461 0.285931 -0.082041 -0.00855036 0.0706307 -0.117588
2.67542 0.74273 0.327444 2.72657 0.696044 0.671158 0.276623 -0.0333482 0.277442 -0.0725747 -0.0110236 0.0683714 -0.153847
2.71285 0.759104 0.207796 2.75698 0.720003 0.664437 0.272525 0.0331541 0.27897 -0.0228768 -0.0106307 0.0579928 -0.229603
2.75411 0.771809 0.246291 2.78943 0.745376 0.664709 0.255371 0.038506 0.275574 0.0339208 -0.0114926 0.0425902 -0.30178
2.7883 0.783801 0.576233 2.81838 0.768174 0.669762 0.227791 -0.0896052 0.258255 0.0418093 -0.013887 0.0309298 -0.266688
2.81559 0.802044 0.682928 2.84591 0.790041 0.671774 0.213555 0.103656 0.245691 -0.00709969 -0.0162627 0.0282661 -0.179829
2.84746 0.819173 0.776664 2.87368 0.812084 0.671584 0.203724 0.116198 0.231767 0.0244545 -0.0161124 0.0218619 -0.0374223
2.88975 0.831594 0.910232 2.89773 0.831314 0.678968 0.203076 0.0520767 0.216995 0.0725747 -0.0060307 0.00522615 0.121179
2.9117 0.86231 1.08167 2.92019 0.84962 0.688304 0.20514 -0.0204822 0.203921 0.0402316 0.00150572 0.0151926 0.238201
2.92836 0.89353 1.16809 2.94214 0.867739 0.690055 0.231904 -0.0834957 0.206978 -0.000788844 0.00579698 0.0286568 0.357741
2.94776 0.931362 1.08005 2.9669 0.888123 0.686281 0.253985 -0.0756253 0.222429 -0.0362873 0.0125939 0.0455774 0.437362
2.97542 0.967835 1.02894 2.99218 0.908682 0.678045 0.274751 -0.0685999 0.244162 -0.0646861 0.0240454 0.056587 0.475275
3.00319 1.01143 0.949423 3.02087 0.931589 0.669076 0.304423 -0.0169859 0.272178 -0.065475 0.0356544 0.0735873 0.451184
3.03348 1.05301 0.762605 3.05434 0.957812 0.659124 0.326534 -0.0641463 0.293233 -0.0623196 0.0418046 0.088037 0.359763
3.06138 1.0931 0.503397 3.08852 0.984121 0.652604 0.349417 -0.0308556 0.31955 -0.0662639 0.0446145 0.103064 0.22212
3.10244 1.13422 0.510281 3.1257 1.01231 0.644357 0.373736 -0.0348883 0.347566 -0.054431 0.0546359 0.111436 0.100702
3.14836 1.16702 0.473719 3.16561 1.04216 0.639766 0.38332 -0.0293953 0.366413 -0.0473314 0.0607066 0.110465 -0.0136324
3.19071 1.19559 0.454623 3.21125 1.07595 0.634713 0.39073 -0.0145573 0.38526 -0.016566 0.0544009 0.108517 -0.0855753
3.23373 1.22128 0.444579 3.25494 1.10802 0.631743 0.384483 -0.0198663 0.391203 -0.0141994 0.0497744 0.103922 -0.0973098
3.27508 1.24477 0.406439 3.29856 1.13988 0.629377 0.367293 -0.0299688 0.380846 -0.0370762 0.0427655 0.0986098 -0.120904
3.31645 1.26251 0.666317 3.34415 1.17297 0.625957 0.328965 -0.0839531 0.367942 -0.016566 0.030012 0.0887844 -0.0693344
3.34808 1.2838 0.629516 3.38467 1.20214 0.621969 0.294831 0.0946347 0.342982 -0.0236657 0.0178409 0.087691 -0.0216235
3.37934 1.29778 0.767297 3.42234 1.22902 0.616999 0.270858 0.138398 0.321418 -0.0149883 0.00470647 0.0809631 0.0640258
3.41164 1.31565 0.970764 3.4577 1.25408 0.616278 0.262322 0.0484533 0.305288 0.00946626 -0.00199914 0.0768664 0.205829
3.43757 1.33857 0.979627 3.49242 1.27875 0.619816 0.236552 0.0728419 0.278461 0.0252434 -0.00988839 0.0805525 0.280618
3.46275 1.36321 1.13037 3.52172 1.29973 0.623081 0.237133 -0.0196913 0.247219 0.0347096 -0.0108445 0.0859629 0.402566
3.48052 1.3882 1.10853 3.54912 1.31947 0.624016 0.238815 -0.0497179 0.237371 -0.0220879 -0.0155113 0.0958632 0.486939
3.50018 1.42059 1.02533 3.57816 1.34029 0.618408 0.249453 -0.0325854 0.241446 -0.0473313 -0.0169897 0.11064 0.50619
3.52785 1.46249 0.881468 3.60637 1.36022 0.612704 0.26013 0.0565359 0.247898 -0.0268211 -0.00542548 0.128826 0.487353
3.56106 1.49029 0.67915 3.63503 1.38031 0.612645 0.258083 -0.0136792 0.25435 0.0299765 0.00272221 0.132508 0.374607
3.59112 1.52312 0.640216 3.66452 1.40112 0.614479 0.269765 -0.0640637 0.255029 -0.0173548 0.0103536 0.142001 0.255695
3.62859 1.55345 0.4417 3.6969 1.42389 0.609249 0.291306 -0.0187347 0.269631 -0.0599531 0.0181256 0.145332 0.115017
3.66878 1.58731 0.388151 3.72893 1.44604 0.60112 0.311324 0.0157129 0.28746 -0.0354985 0.0302953 0.150519 -0.00018294
3.70858 1.61745 0.342719 3.7634 1.46961 0.59867 0.333936 0.0505137 0.305458 0.000788877 0.0380353 0.153024 -0.0818412
3.75454 1.64338 0.344021 3.8029 1.49662 0.601771 0.349154 0.0556831 0.328549 0.0244545 0.0432179 0.148349 -0.15899
3.80421 1.66989 0.350094 3.84224 1.52381 0.60861 0.352579 0.0565097 0.349943 0.0512757 0.0523158 0.141593 -0.188731
3.85387 1.69217 0.6919 3.88252 1.5521 0.616313 0.328367 0.0177263 0.351132 0.0425982 0.057584 0.130863 -0.120497
3.89482 1.7164 0.75931 3.92141 1.57985 0.623638 0.320326 0.138666 0.335851 0.0646861 0.0581553 0.126373 -0.0236737
3.9377 1.73903 0.826099 3.96148 1.60891 0.633991 0.309086 0.138383 0.326003 0.0978181 0.0579208 0.118929 0.0864921
3.97842 1.76911 0.95692 3.99671 1.63525 0.652202 0.298526 0.102071 0.312589 0.141205 0.06671 0.117488 0.219988
4.01504 1.79935 1.00098 4.03033 1.66137 0.669431 0.30716 0.047584 0.299685 0.10334 0.0736359 0.117681 0.280029
4.0371 1.82739 1.04015 4.06572 1.68972 0.680589 0.326718 -0.00681908 0.305118 0.0339208 0.0643887 0.125012 0.339082
4.06647 1.86618 1.03784 4.09987 1.71752 0.684908 0.334497 -0.0297558 0.32006 0.00394432 0.068178 0.136266 0.387699
4.09715 1.91612 0.90659 4.13666 1.74757 0.683311 0.344658 0.00708865 0.334832 -0.0347097 0.075776 0.155654 0.376714
4.12291 1.958 0.80134 4.17313 1.7772 0.681713 0.35655 0.095606 0.34417 0.00394432 0.0749339 0.172038 0.328401
4.12291 1.958 0.80134 4.21083 1.80793 0.688233 0.360237 0.14064 0.35249 0.0631085 0.0274114 0.171755 0.262178
4.12291 1.958 0.80134 4.25206 1.84237 0.706254 0.358009 0.19561 0.356735 0.149094 -0.0232058 0.171788 0.185031
4.12291 1.958 0.80134 4.2898 1.87524 0.730311 0.349579 0.226226 0.356056 0.205891 -0.0691202 0.172987 0.134662
4.12291 1.958 0.80134 4.32623 1.9087 0.759029 0.337884 0.231056 0.353339 0.226402 -0.11358 0.175699 0.105944
4.12291 1.958 0.80134 4.36302 1.94471 0.793202 0.317843 0.225181 0.338907 0.231924 -0.158977 0.180425 0.071771
