0.050939 0.810812 0.576419 0.112073 0.351935 -0.0280793 0.101091 -0.585055 0 0 -0.0739932 0.45698 0.604498
0.050939 0.810812 0.576419 0.112073 0.351935 -0.0280793 0.132052 -0.65063 0 0 -0.0739932 0.45698 0.316289
0.0690499 0.820261 0.43443 0.112162 0.351932 -0.0307417 0.151193 -0.692855 0 0 -0.0574868 0.466782 0.367692
0.0923279 0.833201 -0.251832 0.113305 0.351893 -0.0373563 0.148268 -0.195992 0.0159605 -0.0741524 -0.0389381 0.480188 0.0982225
0.0908354 0.828329 0.271815 0.115967 0.351781 -0.0463256 0.185117 -0.763751 0.0174887 -0.0812521 -0.0471728 0.474873 0.00565692
0.118178 0.833553 -0.306383 0.120242 0.351562 -0.0573183 0.198494 -0.195623 0.0390524 -0.107284 -0.0296731 0.481081 -0.230288
0.141766 0.83595 -0.265144 0.125809 0.351205 -0.071352 0.234837 -0.247451 0.0507681 -0.166449 -0.0186409 0.484649 -0.220692
0.14033 0.836604 -0.195809 0.13338 0.350612 -0.0862614 0.195883 -0.552107 0.0701245 -0.182226 -0.0349465 0.484784 -0.361657
0.169063 0.831798 -0.272627 0.142941 0.349723 -0.100271 0.257925 -0.234853 0.0961029 -0.149883 -0.0222661 0.482269 -0.336395
0.197573 0.823808 -0.327909 0.154383 0.348487 -0.115855 0.265871 -0.194674 0.115969 -0.164871 -0.0120456 0.477126 -0.341733
0.191317 0.828079 -0.563029 0.167563 0.346859 -0.131498 0.248287 -0.0993171 0.137193 -0.156193 -0.0395481 0.48018 -0.448496
0.22528 0.810452 -0.383537 0.182823 0.344727 -0.147189 0.260963 -0.166097 0.158247 -0.16566 -0.0263046 0.466916 -0.469776
0.253267 0.796569 -0.404945 0.200134 0.342031 -0.162867 0.246508 -0.151686 0.178792 -0.153827 -0.021273 0.457137 -0.479777
0.245389 0.801754 -0.663108 0.219437 0.338716 -0.178628 0.299747 0.151065 0.201544 -0.152249 -0.0567339 0.460282 -0.497375
0.279828 0.777132 -0.418837 0.240548 0.334752 -0.194153 0.247762 -0.0266877 0.222599 -0.160138 -0.0468094 0.441647 -0.493617
0.274907 0.785282 -0.651213 0.26313 0.330157 -0.207572 0.292531 0.329929 0.232447 -0.108073 -0.0822701 0.447783 -0.562287
0.305129 0.768569 -0.574168 0.286169 0.325226 -0.213334 0.286705 0.531335 0.236182 -0.0197214 -0.0753343 0.437306 -0.526878
0.33747 0.751603 -0.0892569 0.309096 0.320278 -0.20982 0.282094 -0.0214989 0.234654 0.0662639 -0.0620865 0.427775 -0.420532
0.334884 0.753217 -0.396341 0.332653 0.315372 -0.199549 0.309989 0.62785 0.245691 0.114384 -0.0846064 0.429599 -0.345846
0.365071 0.741116 -0.147999 0.357637 0.310451 -0.187077 0.316561 0.498513 0.255199 0.145938 -0.0727945 0.424533 -0.216262
0.401865 0.735976 0.0563859 0.382893 0.305901 -0.166322 0.360432 0.199204 0.257746 0.219302 -0.0524907 0.427281 -0.188469
0.396972 0.733449 0.0931427 0.409351 0.301764 -0.141533 0.355215 0.290261 0.276083 0.263478 -0.0731494 0.425623 -0.0500973
0.432052 0.731751 0.256489 0.437796 0.298043 -0.116092 0.374839 0.0759408 0.293402 0.252434 -0.0559427 0.430124 0.0592915
0.478019 0.749746 0.254139 0.468416 0.294823 -0.0909235 0.392858 0.0179549 0.310382 0.239812 -0.0317426 0.453915 0.100041
0.470397 0.736421 0.330182 0.501255 0.292204 -0.0658971 0.426545 -0.0423152 0.337888 0.268211 -0.0600426 0.44122 0.154028
0.520037 0.760924 0.263441 0.535894 0.290314 -0.0411309 0.43482 0.0177922 0.357584 0.254011 -0.035194 0.46956 0.131579
0.566911 0.77191 0.209647 0.572582 0.289211 -0.0165423 0.462823 0.100337 0.37711 0.262689 -0.0136545 0.482539 0.0921594
0.558988 0.758215 0.293836 0.611382 0.289 0.00798714 0.480361 -0.144512 0.397995 0.24139 -0.0486446 0.469618 0.0555145
0.616167 0.782163 0.0927641 0.65172 0.289756 0.0304104 0.507667 0.145403 0.404787 0.192481 -0.0205644 0.493261 -0.023801
0.668491 0.785093 -0.0148812 0.692574 0.291341 0.0481478 0.45428 -0.0714554 0.416842 0.166449 -0.000291357 0.494339 -0.116381
0.656448 0.781629 0.106506 0.735508 0.293739 0.0637908 0.481881 -0.192771 0.431105 0.142783 -0.0477973 0.491938 -0.194467
0.71928 0.78508 -0.147849 0.778438 0.296638 0.0705828 0.465937 -0.176751 0.431105 0.0339208 -0.024563 0.491398 -0.281464
0.767203 0.783314 -0.191709 0.821927 0.299739 0.0704053 0.482208 -0.196497 0.435689 -0.022088 -0.020571 0.486226 -0.340229
0.760885 0.789506 -0.0910148 0.866306 0.30277 0.0651871 0.44857 -0.301943 0.453857 -0.054431 -0.07349 0.49257 -0.400851
0.822818 0.778405 -0.277814 0.91169 0.305558 0.0550936 0.489251 -0.249203 0.453347 -0.140416 -0.062699 0.477024 -0.434079
0.81443 0.786918 -0.198068 0.95782 0.307755 0.0382792 0.429215 -0.318699 0.469817 -0.149094 -0.124947 0.4843 -0.419385
0.86606 0.780551 -0.31216 1.00471 0.309191 0.0206364 0.471596 -0.270792 0.468459 -0.196425 -0.128898 0.474121 -0.475457
0.924173 0.760376 -0.34348 1.05052 0.309726 0.00010647 0.443128 -0.272942 0.463705 -0.19327 -0.126299 0.450664 -0.476816
0.914238 0.770839 -0.421149 1.09646 0.309247 -0.0235119 0.478205 -0.18012 0.456234 -0.227979 -0.193027 0.45718 -0.527557
0.957113 0.757692 -0.483075 1.14174 0.307672 -0.0483253 0.41101 -0.0840833 0.463365 -0.24849 -0.206146 0.440576 -0.559716
1.01041 0.737833 -0.152583 1.18761 0.304946 -0.0726181 0.300527 -0.268137 0.452159 -0.220091 -0.208141 0.41889 -0.471791
0.996738 0.742311 -0.487996 1.23151 0.301281 -0.0966861 0.284953 0.0461525 0.436029 -0.225613 -0.276246 0.416307 -0.470005
1.03355 0.726612 -0.420267 1.27325 0.296786 -0.120577 0.194981 0.163602 0.414635 -0.24139 -0.289667 0.397872 -0.425178
1.07848 0.711609 0.0403386 1.31298 0.291541 -0.144692 0.184956 0.117848 0.389675 -0.239023 -0.292614 0.381866 -0.336756
1.06931 0.713085 -0.284874 1.35052 0.285664 -0.168405 0.0888707 0.365615 0.374224 -0.24139 -0.348869 0.374241 -0.245335
1.10818 0.706546 0.112078 1.38592 0.279258 -0.19271 0.101494 0.293189 0.347906 -0.243756 -0.354432 0.366186 -0.0435823
1.13708 0.704384 0.522728 1.41909 0.272415 -0.216896 0.0708549 -0.27628 0.337718 -0.246912 -0.368363 0.36116 0.141401
1.13388 0.701042 0.297627 1.45015 0.265218 -0.241153 0.0762566 0.219444 0.311231 -0.232712 -0.411206 0.34768 0.359825
1.16377 0.709809 0.616336 1.47625 0.258535 -0.262926 -0.00287587 -0.334628 0.291874 -0.237446 -0.419031 0.354549 0.549683
1.18976 0.723957 0.670559 1.50587 0.250186 -0.289112 0.0730616 -0.0266185 0.273367 -0.238234 -0.438065 0.363985 0.625146
1.18335 0.714503 0.610241 1.53029 0.24264 -0.313333 0.000804921 -0.179928 0.251803 -0.239023 -0.475485 0.341953 0.753572
1.21567 0.742636 0.699283 1.55282 0.235076 -0.336975 0.0215159 0.0435674 0.231598 -0.236657 -0.486009 0.36754 0.804863
1.24278 0.762118 0.635594 1.57331 0.227652 -0.360913 0.0290155 0.249916 0.212241 -0.235079 -0.497972 0.383313 0.817146
1.23698 0.744568 0.577707 1.59163 0.220515 -0.385289 -0.0912963 -0.0852787 0.193394 -0.240601 -0.525606 0.352347 0.830678
1.27628 0.78 0.687636 1.60795 0.21369 -0.409416 0.00313137 0.262375 0.171321 -0.231135 -0.529697 0.387476 0.850922
1.27271 0.763884 0.534737 1.6222 0.207329 -0.433614 -0.137628 -0.0460892 0.154172 -0.231924 -0.550979 0.35821 0.841502
1.31175 0.784547 0.453726 1.63451 0.20147 -0.457398 -0.126877 -0.024824 0.133118 -0.230346 -0.547077 0.380605 0.823958
1.3594 0.806455 -0.00548182 1.64479 0.196274 -0.481561 -0.0447172 0.110936 0.116987 -0.224824 -0.535545 0.408605 0.617082
1.35323 0.804783 0.341311 1.65319 0.191771 -0.5057 -0.0812259 0.0249195 0.0974612 -0.208258 -0.55937 0.390979 0.576745
1.39732 0.822508 0.219524 1.65976 0.188046 -0.529981 -0.0385006 0.0853387 0.0792933 -0.209047 -0.547167 0.414758 0.522959
1.45059 0.826929 -0.0554699 1.66444 0.185237 -0.553966 -0.0214725 0.0761907 0.0699547 -0.16566 -0.519444 0.433221 0.530281
1.4446 0.835919 0.116511 1.66775 0.183143 -0.575502 0.00391862 0.110638 0.0326003 -0.249278 -0.542482 0.426175 0.476884
1.49525 0.845821 0.0153506 1.67054 0.181306 -0.590624 0.143858 0.217165 0.0234314 -0.20668 -0.515648 0.454327 0.423948
1.55728 0.842208 0.0196957 1.67366 0.179191 -0.599144 -0.082603 0.130728 0.0373545 -0.0851964 -0.470012 0.481898 0.457523
1.54686 0.851435 -0.0747235 1.67747 0.176576 -0.607072 0.260057 0.371423 0.0407503 -0.107284 -0.492256 0.479768 0.401706
1.60858 0.84261 -0.016039 1.68062 0.174367 -0.61468 -0.0809075 0.16831 0.0351472 -0.0891407 -0.444232 0.504379 0.398852
1.65361 0.842087 -0.0450072 1.68442 0.171667 -0.622715 -0.0223611 0.186772 0.0455045 -0.0867741 -0.416041 0.526612 0.385318
1.64143 0.852607 -0.156707 1.68695 0.169837 -0.628809 0.211544 0.64445 0.0378638 -0.0670527 -0.438408 0.5254 0.364085
1.69103 0.848399 0.0946264 1.68926 0.168156 -0.631838 -0.00189301 0.329072 0.0315815 -0.0378651 -0.400338 0.549967 0.404002
1.72639 0.854671 0.353368 1.69272 0.16562 -0.631424 0.0836258 0.628271 0.0322607 -0.0299765 -0.379562 0.576072 0.53638
1.71739 0.849468 0.0806315 1.69616 0.16312 -0.623058 0.0397289 0.840179 0.0472025 0.048909 -0.383254 0.569773 0.607127
1.76281 0.856799 0.466107 1.69974 0.160586 -0.6048 -0.0152711 0.798508 0.0609557 0.112806 -0.343982 0.608578 0.712696
1.79527 0.867782 0.605562 1.70334 0.158155 -0.577501 -0.0582686 0.849952 0.043467 0.283988 -0.310388 0.644733 0.769462
1.78913 0.859311 0.495375 1.70694 0.155886 -0.541186 -0.0485015 0.81901 0.053315 0.329742 -0.291932 0.645242 0.871395
1.82544 0.881425 0.796935 1.71003 0.154102 -0.499357 -0.0749159 0.763323 0.0400712 0.394428 -0.246966 0.693777 0.939842
1.82426 0.873413 0.661107 1.712 0.153074 -0.45276 -0.095291 0.717601 0.0222429 0.458325 -0.214162 0.696869 0.911759
1.85704 0.893047 0.751527 1.71225 0.152949 -0.406659 -0.130599 0.568338 0.00101876 0.457536 -0.15976 0.737011 0.951042
1.8779 0.919666 0.824547 1.71056 0.153624 -0.360428 -0.108548 0.579953 -0.0183377 0.471736 -0.113582 0.775835 0.914015
1.88731 0.915564 0.770221 1.70707 0.15485 -0.313937 -0.0448421 0.474217 -0.0387128 0.474891 -0.0634812 0.779194 0.903896
1.91689 0.940297 0.730108 1.70237 0.156269 -0.267304 0.0139827 0.442407 -0.0475421 0.465425 -0.000190165 0.812844 0.850123
1.95747 0.982509 0.559098 1.69866 0.157209 -0.219854 0.109279 0.415154 -0.0380336 0.465425 0.0725959 0.861878 0.71419
1.94703 0.965972 0.65063 1.69664 0.157623 -0.172558 0.181997 0.411752 -0.0179981 0.463847 0.107869 0.839337 0.627031
1.98219 0.99311 0.554958 1.6966 0.157637 -0.125002 0.258103 0.437767 0.00271669 0.484357 0.179201 0.864561 0.521091
2.03162 1.02281 0.188058 1.69862 0.157434 -0.0779074 0.291282 0.441235 0.0208845 0.474102 0.264639 0.888664 0.350316
2.02367 1.02072 0.447842 1.70261 0.157215 -0.0304459 0.365599 0.411047 0.0404107 0.485935 0.294626 0.872878 0.235259
2.0759 1.03926 0.173922 1.70862 0.157167 0.0169564 0.401786 0.397896 0.0585786 0.51039 0.382184 0.875742 0.0608448
2.12063 1.0563 0.190853 1.71666 0.157481 0.0642168 0.45098 0.385716 0.073011 0.530111 0.460813 0.87104 0.014516
2.11352 1.06668 0.192534 1.72671 0.158349 0.111607 0.750622 0.505174 0.0881226 0.55141 0.48557 0.859598 -0.117977
2.16076 1.07264 0.103413 1.73874 0.159966 0.159294 0.697986 0.393055 0.127005 0.481202 0.56145 0.834179 -0.189166
2.20065 1.08464 0.104059 1.75265 0.162513 0.206578 0.858058 0.484709 0.138891 0.534844 0.627619 0.810635 -0.265382
2.19445 1.08912 0.0555769 1.76822 0.166135 0.253909 0.917542 0.672088 0.159605 0.506445 0.64441 0.786323 -0.358365
2.24049 1.09355 0.305664 1.78573 0.171087 0.300933 0.527846 0.319116 0.182528 0.488302 0.707751 0.746212 -0.337972
2.27032 1.09957 0.384438 1.80504 0.177552 0.348915 0.47523 0.193687 0.206299 0.488302 0.752457 0.707393 -0.292495
2.25938 1.10108 0.189584 1.82574 0.185593 0.39595 1.05015 0.703278 0.230409 0.491457 0.753178 0.677407 -0.294861
2.29383 1.1151 0.541732 1.84801 0.195476 0.443234 0.763824 0.620343 0.247388 0.466214 0.797127 0.639562 -0.263456
2.29144 1.10916 0.329271 1.87158 0.207301 0.491063 0.918803 0.73453 0.268782 0.477258 0.795534 0.5973 -0.329673
2.32523 1.12082 0.525604 1.89625 0.221191 0.538193 0.793581 0.699903 0.288309 0.485935 0.82948 0.552568 -0.264797
2.36093 1.14452 0.825651 1.92213 0.237409 0.585761 0.488886 0.416223 0.313947 0.49619 0.867128 0.513301 -0.217725
2.35765 1.13732 0.761339 1.94876 0.255906 0.632962 0.649329 0.507449 0.330078 0.473313 0.851066 0.468797 -0.120904
2.38534 1.15746 0.96971 1.97605 0.276855 0.68021 0.443571 0.240981 0.346717 0.446492 0.872055 0.427192 -0.020117
2.40226 1.18768 1.00385 2.0041 0.300563 0.727601 0.521836 0.251277 0.370488 0.473313 0.887337 0.397663 -0.00810734
2.4087 1.18168 1.07689 2.03232 0.326808 0.774991 0.535818 0.0884375 0.396297 0.490668 0.86706 0.347379 0.0496866
2.42894 1.20972 1.08212 2.06069 0.355823 0.822654 0.645287 0.0234692 0.414125 0.493035 0.876377 0.310972 0.0394934
2.45154 1.2567 0.933951 2.08907 0.387752 0.869843 0.884052 0.214011 0.429746 0.459903 0.897846 0.283415 -0.0309961
2.44845 1.24126 1.01903 2.11706 0.422399 0.917246 0.817109 0.0157804 0.45946 0.500134 0.851611 0.234775 -0.0976858
2.4776 1.29385 0.776627 2.14472 0.460168 0.964695 1.11107 0.305614 0.473553 0.481991 0.874816 0.201336 -0.246966
2.50153 1.32809 0.732862 2.17165 0.500865 1.01171 1.07283 0.270085 0.491551 0.461481 0.876243 0.159115 -0.361007
2.49748 1.31161 0.847178 2.1976 0.544407 1.05974 0.817441 -0.0260332 0.516341 0.466214 0.815847 0.113674 -0.466321
2.53457 1.35153 0.42375 2.22245 0.591059 1.10664 0.892121 0.0206089 0.533999 0.423615 0.819741 0.0613408 -0.630852
2.56888 1.38066 0.351454 2.24599 0.640764 1.15457 0.958333 0.0543977 0.553865 0.465425 0.807274 0.00383076 -0.805911
2.56382 1.38181 0.638722 2.26761 0.692602 1.20089 0.788221 -0.118996 0.572203 0.490668 0.749682 -0.027006 -0.921722
2.60506 1.40687 0.33266 2.28763 0.747549 1.24562 0.979893 -0.0561714 0.587484 0.429137 0.726182 -0.0901496 -0.996813
2.64301 1.43007 0.322003 2.3055 0.803887 1.28499 0.951882 -0.112956 0.599369 0.383384 0.695941 -0.147275 -1.046
2.63655 1.43681 0.371586 2.32161 0.862233 1.32052 0.89843 -0.154326 0.610576 0.350252 0.634678 -0.162829 -1.17058
2.67862 1.45025 0.301644 2.33591 0.921632 1.35055 0.839215 -0.235967 0.6155 0.28951 0.590717 -0.218947 -1.21095
2.67196 1.45625 0.250642 2.34882 0.982531 1.37596 0.950659 -0.120881 0.624329 0.257956 0.527318 -0.22531 -1.26014
2.70658 1.47074 0.181911 2.36054 1.04522 1.39664 0.900069 -0.030107 0.645383 0.17907 0.479044 -0.26707 -1.34405
2.75114 1.47859 0.581107 2.3712 1.10859 1.41257 0.424629 -0.515895 0.649798 0.130161 0.425243 -0.316895 -1.26682
2.74004 1.4823 0.181444 2.381 1.17255 1.4256 0.740188 0.0358097 0.639441 0.113595 0.358441 -0.310441 -1.30292
2.77262 1.49253 0.272636 2.38986 1.23571 1.4383 0.564799 0.159196 0.646232 0.137261 0.30514 -0.345478 -1.28538
2.80927 1.50816 0.839621 2.39806 1.29981 1.45068 0.379807 -0.137956 0.645553 0.149883 0.256126 -0.383284 -1.21159
2.80436 1.50361 0.46279 2.40525 1.36214 1.46243 0.348789 0.134668 0.617877 0.125428 0.1838 -0.381461 -1.12956
2.83471 1.51736 0.717458 2.41149 1.42267 1.47495 0.247429 -0.0770752 0.606331 0.120695 0.13475 -0.412209 -0.993801
2.86404 1.54404 1.1501 2.41679 1.48135 1.48723 0.107791 -0.429801 0.584088 0.0978181 0.0998027 -0.440456 -0.902592
2.86249 1.53605 0.941337 2.42121 1.53791 1.49947 0.170292 -0.398741 0.560317 0.0993958 0.0295933 -0.440291 -0.755311
2.88598 1.56475 1.1735 2.42483 1.59276 1.51088 0.137833 -0.460217 0.543338 0.118328 -0.000337565 -0.461992 -0.614705
2.90506 1.58825 1.13478 2.42767 1.64535 1.52407 0.166938 -0.446336 0.51719 0.137261 -0.0347409 -0.479537 -0.633003
2.90965 1.5892 1.08122 2.42976 1.69596 1.53608 0.173288 -0.630284 0.50887 0.122273 -0.0900378 -0.4833 -0.598386
2.92962 1.62927 1.03002 2.43118 1.74445 1.54826 0.260514 -0.432071 0.479835 0.134105 -0.103917 -0.500909 -0.658389
2.95866 1.6708 0.970428 2.43198 1.79105 1.56035 0.291455 -0.391026 0.45929 0.142783 -0.114737 -0.527909 -0.725267
2.95705 1.66127 0.925568 2.43221 1.83514 1.57252 0.218193 -0.560003 0.443839 0.146727 -0.174778 -0.524541 -0.789326
2.99515 1.71432 0.812782 2.43191 1.8777 1.58435 0.246684 -0.504747 0.414465 0.115962 -0.170996 -0.560974 -0.873559
3.02758 1.75251 0.690362 2.43114 1.91822 1.59657 0.210484 -0.572084 0.399693 0.13095 -0.181022 -0.591972 -0.979137
3.02225 1.74205 0.726686 2.42994 1.95673 1.60859 0.20049 -0.567184 0.373714 0.114384 -0.2369 -0.583775 -1.05745
3.06827 1.78632 0.436886 2.42836 1.9932 1.62113 0.195578 -0.533265 0.356056 0.0922961 -0.238817 -0.628689 -1.1953
3.065 1.78216 0.639608 2.42645 2.02762 1.63247 0.148897 -0.586179 0.335851 0.116751 -0.284345 -0.622206 -1.22355
3.11135 1.81968 0.543452 2.42427 2.06034 1.64312 0.157492 -0.560977 0.323795 0.108073 -0.289679 -0.667889 -1.29528
3.15746 1.85196 0.33566 2.42192 2.09096 1.65308 0.134339 -0.557385 0.304269 0.105707 -0.298642 -0.713408 -1.33898
3.15849 1.85368 0.428994 2.41941 2.12005 1.66135 0.101782 -0.507177 0.284403 0.0938738 -0.332116 -0.711963 -1.41746
3.2041 1.88147 0.32832 2.41685 2.14703 1.66987 0.0299003 -0.384365 0.265556 0.0820409 -0.342128 -0.75712 -1.49769
3.25489 1.89773 0.34906 2.41428 2.17207 1.67734 -0.00816784 -0.59293 0.247728 0.0796744 -0.362179 -0.806663 -1.50069
3.24691 1.90332 0.287559 2.41175 2.19504 1.68531 -0.116773 -0.2897 0.227183 0.0851964 -0.385235 -0.79636 -1.55581
3.28791 1.92016 0.353075 2.40928 2.21586 1.69322 -0.181268 -0.259143 0.203412 0.0757301 -0.400786 -0.835947 -1.55546
3.34027 1.94027 0.795534 2.40688 2.23481 1.70102 -0.117697 -0.484079 0.184735 0.0694193 -0.413246 -0.887243 -1.41443
3.32757 1.93587 0.496563 2.40461 2.25162 1.70916 -0.224742 -0.296483 0.166227 0.0812521 -0.440032 -0.870588 -1.35291
3.37686 1.95907 0.860413 2.4025 2.26642 1.71733 -0.135007 -0.462039 0.148399 0.0867741 -0.446326 -0.91904 -1.19197
3.40843 1.98303 1.00981 2.40056 2.2792 1.72555 -0.124035 -0.554083 0.128194 0.0749413 -0.447973 -0.950177 -1.12876
3.4031 1.97966 0.819606 2.39885 2.28997 1.73356 -0.154353 -0.481411 0.105951 0.0773078 -0.468933 -0.940697 -1.02909
3.44338 2.01323 1.16827 2.39738 2.2987 1.74191 -0.0481103 -0.707564 0.0894809 0.0780967 -0.459413 -0.982112 -0.934823
3.46629 2.04561 1.14524 2.39612 2.30586 1.7468 -0.0372062 -0.726885 0.073011 0.0552199 -0.44361 -1.00807 -0.894568
3.47068 2.04609 1.07931 2.39486 2.31295 1.74411 -0.0394372 -0.842691 0.0716527 -0.0252434 -0.448382 -1.01368 -0.805313
3.48964 2.08023 1.08388 2.39367 2.31997 1.73119 -0.0150848 -0.80675 0.0764069 -0.116751 -0.411702 -1.04361 -0.820519
3.52115 2.12632 0.939031 2.39261 2.3269 1.7107 -0.0412473 -0.754063 0.0781048 -0.179859 -0.355993 -1.08955 -0.86876
3.52051 2.11852 1.07532 2.39174 2.3337 1.68133 0.0170516 -1.08043 0.0803121 -0.226402 -0.338382 -1.09814 -0.840722
3.5485 2.16393 0.787988 2.3912 2.33922 1.64972 0.0218644 -0.975937 0.0505983 -0.342363 -0.265988 -1.13987 -0.907749
3.54279 2.15563 0.954027 2.39088 2.34464 1.60637 0.0772179 -1.14723 0.0635026 -0.403894 -0.229859 -1.14446 -0.859395
3.56817 2.19365 0.800465 2.3908 2.3501 1.55488 0.1313 -1.14194 0.0572203 -0.51039 -0.137697 -1.17971 -0.899528
3.61147 2.24163 0.626555 2.39103 2.35537 1.49316 0.142045 -1.11231 0.0558619 -0.630296 -0.0187408 -1.22558 -0.891619
3.60028 2.23168 0.647473 2.39164 2.36096 1.42356 0.25761 -1.17539 0.0589182 -0.712337 0.0494301 -1.21452 -0.924203
3.64007 2.26681 0.504756 2.39286 2.36758 1.34976 0.223933 -1.10849 0.0694453 -0.745469 0.175121 -1.23895 -0.948971
3.68874 2.28794 0.420939 2.39508 2.37606 1.27588 0.220812 -1.04648 0.0882924 -0.754146 0.29171 -1.26342 -0.943626
3.68386 2.29626 0.36634 2.39855 2.38619 1.20222 0.178732 -0.966029 0.1068 -0.765979 0.379192 -1.2314 -0.963677
3.72693 2.31881 0.244443 2.40353 2.39787 1.12746 0.160708 -0.778994 0.127345 -0.793589 0.496267 -1.22937 -0.975688
3.75925 2.32789 0.242515 2.41003 2.41041 1.05042 0.269955 -0.883534 0.137872 -0.801477 0.599242 -1.21166 -0.958131
3.76429 2.33431 0.181172 2.41858 2.42417 0.972919 0.373946 -0.593801 0.152135 -0.84092 0.683215 -1.16286 -0.942349
3.80269 2.34432 0.197482 2.4293 2.43878 0.896112 0.48189 -0.7687 0.187112 -0.777812 0.784123 -1.13149 -0.881195
3.84778 2.35777 0.663126 2.44245 2.45406 0.818524 0.728654 -0.929205 0.199846 -0.832243 0.889957 -1.09188 -0.663404
3.83278 2.35691 0.293713 2.45817 2.4697 0.740901 0.751496 -0.400693 0.220222 -0.795955 0.93814 -1.01102 -0.548267
3.88214 2.37552 0.729243 2.47663 2.48542 0.663763 0.752527 -0.54444 0.244502 -0.7857 1.03938 -0.952482 -0.293875
3.92111 2.39039 0.804587 2.49796 2.50093 0.586388 0.834144 -0.553463 0.269631 -0.804633 1.12424 -0.879573 -0.169347
3.91178 2.38806 0.652157 2.5218 2.51559 0.509841 0.920397 -0.332461 0.28746 -0.788067 1.15097 -0.789667 0.0266814
3.95572 2.4169 1.00521 2.54883 2.52947 0.432727 1.02079 -0.563961 0.313438 -0.7857 1.23 -0.692176 0.195784
3.98701 2.44681 1.10991 2.57869 2.54201 0.355281 1.15785 -0.611022 0.324305 -0.763612 1.28725 -0.579147 0.375004
3.9847 2.44075 1.08303 2.61124 2.55281 0.278415 1.16468 -0.630931 0.350962 -0.781756 1.28977 -0.485222 0.595495
4.0026 2.47447 1.12165 2.64665 2.5616 0.200921 1.19611 -0.527742 0.367262 -0.784911 1.31129 -0.35599 0.711803
4.00912 2.47784 1.0446 2.68469 2.56797 0.123724 1.08269 -0.518831 0.392562 -0.773078 1.30319 -0.252893 0.767232
4.03041 2.51197 1.01573 2.72499 2.57155 0.04629 1.13064 -0.486909 0.413786 -0.788067 1.30126 -0.119924 0.822232
4.06045 2.56394 0.972353 2.76763 2.57203 -0.0312032 1.0539 -0.337544 0.437896 -0.769134 1.29244 0.0322487 0.849958
0.050939 0.810812 0.576419 0.000152815 0.200002 -0.000520646 0.10293 -0.585061 0 0 0.0504682 0.610837 0.57694
0.0714856 0.834673 0.565976 0.000152815 0.200002 -0.000520646 0.146009 -0.0368053 0 0 0.0710023 0.634708 0.283509
0.0690499 0.820261 0.43443 0.0006571 0.200001 -0.00123062 0.179058 -0.644542 0.00764069 -0.0354985 0.0676294 0.620343 0.334699
0.0923279 0.833201 -0.251832 0.00300788 0.199997 -0.00218908 0.170381 -0.0543803 0.0269971 0.054431 0.0879337 0.633397 0.0595742
0.0908354 0.828329 0.271815 0.00743946 0.199986 -0.00330136 0.224961 -0.658534 0.0363357 0.0157771 0.0813211 0.628615 -0.0373673
0.115272 0.834277 0.0539014 0.0137277 0.199963 -0.00340786 0.218113 -0.655871 0.0597672 -0.00315542 0.0993825 0.634656 -0.164104
0.141766 0.83595 -0.265144 0.02187 0.199927 -0.00614124 0.25963 -0.197023 0.0809913 -0.0339208 0.115988 0.636747 -0.165808
0.14033 0.836604 -0.195809 0.0312779 0.199845 -0.011821 0.225177 -0.502791 0.0964424 -0.0567976 0.101517 0.638004 -0.316003
0.165928 0.834566 -0.416068 0.042595 0.199677 -0.0184001 0.220224 -0.288962 0.113422 -0.0678416 0.111631 0.63705 -0.46608
0.197573 0.823808 -0.327909 0.0560422 0.199394 -0.0244703 0.270945 -0.184157 0.137363 -0.0591641 0.12621 0.62769 -0.480932
0.191317 0.828079 -0.563029 0.0714019 0.198974 -0.0309665 0.255328 -0.114151 0.157059 -0.0796744 0.10038 0.632516 -0.596842
0.217473 0.816434 -0.632312 0.0889221 0.198381 -0.0373208 0.286249 0.0185551 0.182188 -0.065475 0.105401 0.622419 -0.662569
0.253267 0.796569 -0.404945 0.108398 0.197598 -0.043462 0.264137 -0.157057 0.200695 -0.0662639 0.118708 0.6047 -0.682106
0.245389 0.801754 -0.663108 0.129934 0.196596 -0.0499109 0.325056 0.137128 0.220052 -0.059953 0.0851196 0.610164 -0.709017
0.279828 0.777132 -0.418837 0.15332 0.195361 -0.0563361 0.284627 -0.0414911 0.23805 -0.0646861 0.0935499 0.587972 -0.631434
0.30772 0.765965 -0.181622 0.178973 0.19384 -0.0623472 0.292665 -0.189901 0.26284 -0.0678416 0.0928495 0.579035 -0.550982
0.305129 0.768569 -0.574168 0.206084 0.192048 -0.0715531 0.376785 0.371854 0.27099 -0.115173 0.057575 0.582126 -0.512129
0.33747 0.751603 -0.0892569 0.233845 0.18992 -0.081824 0.350236 -0.1814 0.281007 -0.0717859 0.0573698 0.568274 -0.391998
0.367954 0.74086 -0.0229726 0.262512 0.187489 -0.0876931 0.410989 -0.05766 0.2951 -0.0631084 0.0565725 0.560479 -0.333246
0.365071 0.741116 -0.147999 0.293224 0.184712 -0.0934202 0.414189 0.285733 0.315475 -0.0583753 0.0196291 0.56068 -0.185462
0.401865 0.735976 0.0563859 0.32588 0.181571 -0.0987805 0.444588 -0.0314697 0.332794 -0.0631084 0.0209394 0.559196 -0.131554
0.437499 0.738396 0.176926 0.36045 0.178068 -0.103265 0.457957 -0.120681 0.359622 -0.0410205 0.0188786 0.565285 -0.060437
0.432052 0.731751 0.256489 0.396818 0.174221 -0.107679 0.449324 -0.137302 0.3693 -0.0370762 -0.024889 0.558087 0.078806
0.478019 0.749746 0.254139 0.435265 0.169984 -0.112353 0.45757 -0.157819 0.39358 -0.0252433 -0.0225167 0.5809 0.149398
0.470397 0.736421 0.330182 0.475688 0.165337 -0.11692 0.471545 -0.236315 0.412937 -0.0536422 -0.0718747 0.566567 0.205051
0.512706 0.745949 0.336669 0.518092 0.160263 -0.121772 0.488896 -0.277017 0.435859 -0.0481202 -0.0764898 0.580695 0.236629
0.566911 0.77191 0.209647 0.561799 0.15475 -0.13009 0.481459 -0.0870846 0.449103 -0.0907184 -0.0749914 0.612609 0.230117
0.558988 0.758215 0.293836 0.606502 0.148698 -0.140314 0.471699 -0.298584 0.466591 -0.0978181 -0.13229 0.596882 0.228225
0.607034 0.770954 0.20933 0.653121 0.141884 -0.152442 0.46693 -0.302611 0.474062 -0.129372 -0.141079 0.614777 0.197907
0.668491 0.785093 -0.0148812 0.699544 0.134317 -0.174167 0.431105 -0.250738 0.470496 -0.231135 -0.143355 0.635549 0.144789
0.656448 0.781629 0.106506 0.745376 0.125649 -0.202578 0.415583 -0.344002 0.465912 -0.263478 -0.219089 0.624674 0.110757
0.707677 0.787943 0.00655071 0.788847 0.116144 -0.231001 0.385936 -0.320838 0.44282 -0.283988 -0.232823 0.635371 0.0715862
0.767203 0.783314 -0.191709 0.830099 0.105885 -0.25953 0.392157 -0.201122 0.417861 -0.272155 -0.234636 0.638602 0.0411727
0.760885 0.789506 -0.0910148 0.869529 0.0948945 -0.286532 0.310694 -0.252576 0.400712 -0.254011 -0.30053 0.635587 0.00233482
0.822818 0.778405 -0.277814 0.907318 0.0833224 -0.310292 0.372213 -0.117292 0.392222 -0.22719 -0.292699 0.636087 -0.0686931
0.874415 0.773727 -0.326814 0.943441 0.0713353 -0.331497 0.341311 -0.0876174 0.37728 -0.173548 -0.293868 0.641685 -0.0925236
0.86606 0.780551 -0.31216 0.978755 0.0589072 -0.346631 0.330125 -0.051247 0.363018 -0.15146 -0.351157 0.640436 -0.151104
0.924173 0.760376 -0.34348 1.012 0.04665 -0.361091 0.298188 -0.0491372 0.350453 -0.135683 -0.334318 0.636671 -0.158533
0.972614 0.744013 -0.324582 1.04372 0.0344747 -0.373172 0.271245 -0.0119906 0.333304 -0.112806 -0.324885 0.634783 -0.145708
0.957113 0.757692 -0.483075 1.07346 0.0226533 -0.384993 0.291178 0.16758 0.312249 -0.12385 -0.38388 0.637538 -0.190859
1.01041 0.737833 -0.152583 1.1017 0.01106 -0.394353 0.163075 -0.000839419 0.302571 -0.0694193 -0.363515 0.635916 -0.117867
1.04512 0.725884 -0.026381 1.12925 -0.000447345 -0.39698 0.179778 0.259666 0.29561 -0.0339208 -0.358408 0.637322 -0.0158397
1.03355 0.726612 -0.420267 1.15495 -0.0112576 -0.399382 0.0638607 0.46602 0.271159 -0.0291876 -0.398772 0.632592 0.00749853
1.07848 0.711609 0.0403386 1.17875 -0.0213337 -0.401701 0.0724085 0.423138 0.251973 -0.0236656 -0.378854 0.635396 0.0741248
1.06931 0.713085 -0.284874 1.20065 -0.0306681 -0.404257 -0.0271822 0.653769 0.233465 -0.0244546 -0.413301 0.632142 -0.00948348
1.10364 0.704084 -0.0436245 1.22075 -0.0392878 -0.406399 -0.0274897 0.747141 0.212751 -0.0276099 -0.401426 0.636532 0.118206
1.13708 0.704384 0.522728 1.23878 -0.0470713 -0.408706 -0.0499912 -0.003285 0.195602 -0.0236656 -0.39197 0.649144 0.28131
1.13388 0.701042 0.297627 1.25528 -0.0542331 -0.410931 0.00324391 0.461395 0.173698 -0.0244545 -0.412996 0.643904 0.477701
1.15984 0.705005 0.533504 1.26962 -0.0605 -0.413013 -0.0396904 0.132928 0.152984 -0.0244545 -0.407799 0.657076 0.67216
1.18976 0.723957 0.670559 1.28215 -0.0660056 -0.415427 -0.00732637 0.217417 0.134816 -0.0157771 -0.403339 0.685488 0.723851
1.18335 0.714503 0.610241 1.29282 -0.0707243 -0.417829 -0.0581854 0.0394406 0.11478 -0.0252434 -0.418673 0.673258 0.830457
1.2081 0.728194 0.605354 1.30158 -0.0746262 -0.420101 -0.0620877 0.0340965 0.0964424 -0.0157771 -0.412787 0.694886 0.856679
1.24278 0.762118 0.635594 1.30855 -0.0777442 -0.422278 0.04781 0.409645 0.0775954 -0.0260322 -0.404202 0.739131 0.847202
1.23698 0.744568 0.577707 1.3141 -0.0802436 -0.421971 -0.0923363 0.0808204 0.0626536 -0.00552199 -0.408172 0.720873 0.83605
1.27628 0.78 0.687636 1.3191 -0.0824692 -0.415261 0.0498814 0.45272 0.0587484 0.0567976 -0.387129 0.771893 0.856768
1.31498 0.794838 0.406759 1.32283 -0.0840984 -0.405523 -0.0456008 0.270255 0.0504285 0.0481202 -0.353957 0.804553 0.770751
1.31175 0.784547 0.453726 1.32596 -0.0854183 -0.389939 -0.0632086 0.166042 0.0499191 0.0883518 -0.34384 0.79926 0.71384
1.3594 0.806455 -0.00548182 1.32738 -0.0859921 -0.373645 0.0220716 0.337338 0.0171491 0.186959 -0.295938 0.84256 0.466507
1.4048 0.818304 -0.0532268 1.32734 -0.0859782 -0.354524 0.0554349 0.239521 0.0100178 0.155405 -0.241273 0.874937 0.294056
1.39732 0.822508 0.219524 1.32804 -0.086226 -0.33055 0.0844308 0.266543 0.00373545 0.225613 -0.229415 0.882024 0.192016
1.45059 0.826929 -0.0554699 1.33052 -0.0870443 -0.307098 0.136473 0.220088 0.018847 0.262689 -0.161842 0.907507 0.1519
1.50571 0.838329 0.0265311 1.335 -0.0884081 -0.283018 0.13396 0.203023 0.0302232 0.315542 -0.0948802 0.93754 0.154406
1.49525 0.845821 0.0153506 1.34154 -0.0902241 -0.257707 0.406922 0.318362 0.0716527 0.247701 -0.0899282 0.944309 0.0610382
1.55728 0.842208 0.0196957 1.35001 -0.0923558 -0.233627 0.165516 0.160443 0.0799725 0.286355 -0.0147232 0.957158 0.0620136
1.54686 0.851435 -0.0747235 1.36051 -0.0947269 -0.209406 0.594808 0.397341 0.103574 0.269789 -0.0144085 0.964231 0.00404025
1.59676 0.853602 -0.147998 1.37302 -0.0972372 -0.184924 0.586333 0.524895 0.129382 0.258745 0.0450995 0.975768 -0.0748913
1.65361 0.842087 -0.0450072 1.38749 -0.0997794 -0.160536 0.178342 0.197265 0.149078 0.258745 0.11215 0.972295 -0.120846
1.64143 0.852607 -0.156707 1.40376 -0.102232 -0.137367 0.582877 0.612097 0.169453 0.239812 0.104681 0.97839 -0.171343
1.6813 0.850577 -0.0813428 1.42171 -0.104537 -0.116613 0.491144 0.68718 0.183207 0.209047 0.146703 0.97883 -0.169879
1.72639 0.854671 0.353368 1.44166 -0.106681 -0.095633 0.409728 0.56994 0.20545 0.217724 0.191639 0.984148 -0.0580672
1.71739 0.849468 0.0806315 1.46356 -0.108581 -0.075529 0.454197 0.711168 0.230919 0.212991 0.18082 0.974471 0.000941663
1.75294 0.851226 0.293093 1.48764 -0.110179 -0.0550345 0.42629 0.627683 0.250954 0.217724 0.212009 0.974542 0.105259
1.79527 0.867782 0.605562 1.51379 -0.11137 -0.0346229 0.344454 0.54854 0.266915 0.201947 0.247424 0.988309 0.168912
1.78913 0.859311 0.495375 1.54148 -0.112054 -0.011466 0.357542 0.523653 0.277781 0.244545 0.236492 0.974141 0.284003
1.82544 0.881425 0.796935 1.57033 -0.112039 0.0153472 0.319574 0.461823 0.296119 0.28241 0.270326 0.989432 0.425137
1.84516 0.890148 0.827369 1.60056 -0.111195 0.0447518 0.317076 0.450591 0.300194 0.315542 0.289152 0.989397 0.469668
1.85704 0.893047 0.751527 1.63088 -0.109322 0.0833505 0.240316 0.35073 0.305627 0.414938 0.308828 0.980061 0.516453
1.8779 0.919666 0.824547 1.6613 -0.106201 0.125819 0.275872 0.369622 0.300534 0.425982 0.343613 0.990578 0.483189
1.9128 0.94858 0.796352 1.68986 -0.102048 0.167269 0.375326 0.344051 0.282705 0.401527 0.39475 0.998847 0.4314
1.91689 0.940297 0.730108 1.71788 -0.0968082 0.206033 0.444259 0.229372 0.289327 0.391272 0.406971 0.974457 0.385496
1.95747 0.982509 0.559098 1.7474 -0.0900995 0.24533 0.548654 0.22688 0.3114 0.433871 0.464291 0.98947 0.257716
1.98878 1.00345 0.219583 1.77886 -0.0816379 0.283337 0.809387 0.397129 0.334322 0.393639 0.504903 0.983133 0.027453
1.98219 0.99311 0.554958 1.81169 -0.0714489 0.321995 0.579494 0.202843 0.351981 0.382595 0.498629 0.95589 -0.0695884
2.03162 1.02281 0.188058 1.84609 -0.059289 0.361008 0.598972 0.200683 0.369979 0.388906 0.55578 0.946815 -0.232281
2.02367 1.02072 0.447842 1.88185 -0.0450614 0.400115 0.656429 0.182668 0.395957 0.40705 0.545765 0.92636 -0.195302
2.06823 1.04607 0.325821 1.91892 -0.0286201 0.438466 0.768874 0.207534 0.412937 0.397583 0.591445 0.909644 -0.310032
2.12063 1.0563 0.190853 1.95673 -0.0100805 0.476993 0.713024 0.143192 0.432802 0.395217 0.635194 0.872098 -0.347628
2.11352 1.06668 0.192534 1.99601 0.011107 0.515852 1.09962 0.255763 0.454876 0.390484 0.622906 0.86025 -0.47159
2.15596 1.08037 0.092838 2.03605 0.0347463 0.554262 1.2005 0.375172 0.47559 0.387328 0.652281 0.825974 -0.58766
2.20065 1.08464 0.104059 2.07697 0.0610734 0.59305 1.06114 0.248226 0.488664 0.35814 0.674634 0.779658 -0.655379
2.19445 1.08912 0.0555769 2.11843 0.0901259 0.632524 1.07517 0.463655 0.513794 0.380228 0.651899 0.760781 -0.740506
2.22805 1.09496 0.0971011 2.16029 0.121923 0.669833 0.958563 0.540614 0.532811 0.397583 0.657237 0.720721 -0.776394
2.27032 1.09957 0.384438 2.2026 0.156717 0.710005 0.38388 0.0146498 0.553525 0.35814 0.665936 0.670882 -0.723107
2.25938 1.10108 0.189584 2.24429 0.193816 0.74864 0.938379 0.530354 0.545375 0.396005 0.628582 0.6544 -0.717072
2.29383 1.1151 0.541732 2.28396 0.231992 0.78738 0.696103 0.460917 0.564392 0.399161 0.632644 0.616222 -0.607602
2.32754 1.12696 0.700524 2.32342 0.27303 0.826464 0.56383 0.331522 0.58256 0.395217 0.630893 0.575486 -0.541324
2.32523 1.12082 0.525604 2.36174 0.316092 0.864341 0.720912 0.509788 0.575938 0.389695 0.588434 0.550157 -0.467194
2.36093 1.14452 0.825651 2.39832 0.360424 0.900467 0.396591 0.196274 0.580013 0.326586 0.591199 0.516412 -0.40868
2.38638 1.16603 1.02143 2.43392 0.406891 0.937326 0.242684 0.0630365 0.578485 0.396794 0.583705 0.487683 -0.338572
2.38534 1.15746 0.96971 2.46665 0.452985 0.972955 0.395853 0.056669 0.563543 0.352618 0.536515 0.463728 -0.226165
2.40226 1.18768 1.00385 2.4966 0.498551 1.00999 0.416006 0.0849043 0.540281 0.386539 0.533393 0.446417 -0.203802
2.42567 1.22185 0.939253 2.5239 0.543591 1.04599 0.544268 0.10245 0.520076 0.358929 0.537759 0.424844 -0.267189
2.42894 1.20972 1.08212 2.54877 0.588147 1.07953 0.364707 -0.174767 0.507851 0.31002 0.491531 0.398878 -0.263265
2.45154 1.2567 0.933951 2.57208 0.633004 1.10628 0.67332 -0.005231 0.50072 0.243756 0.503605 0.387178 -0.313308
2.44845 1.24126 1.01903 2.59373 0.677589 1.13337 0.4895 -0.20411 0.497833 0.263478 0.449061 0.370377 -0.313812
2.47057 1.27547 0.936019 2.61473 0.723876 1.15785 0.587154 -0.234165 0.514982 0.210624 0.447376 0.353406 -0.386994
2.50153 1.32809 0.732862 2.63457 0.77016 1.17354 0.961992 -0.0350809 0.505304 0.0915072 0.46301 0.338531 -0.469714
2.49748 1.31161 0.847178 2.65432 0.817814 1.18363 0.563843 -0.315255 0.528056 0.0741524 0.398027 0.331674 -0.53708
2.52918 1.34772 0.752385 2.67428 0.86741 1.19228 0.608138 -0.33806 0.53349 0.0552198 0.392688 0.312324 -0.606941
2.56888 1.38066 0.351454 2.69414 0.917413 1.19215 0.82934 -0.253147 0.545375 -0.0362873 0.384128 0.287638 -0.733947
2.56382 1.38181 0.638722 2.71447 0.968288 1.18849 0.561946 -0.426542 0.553186 -0.0725747 0.327469 0.294042 -0.799776
2.60013 1.41201 0.509878 2.7356 1.02051 1.18182 0.638879 -0.411349 0.557091 -0.108073 0.310875 0.273825 -0.873938
2.64301 1.43007 0.322003 2.75729 1.07259 1.16934 0.844855 -0.334905 0.567109 -0.124639 0.284406 0.244882 -0.871283
2.63655 1.43681 0.371586 2.78067 1.12663 1.15446 0.79008 -0.331966 0.587824 -0.134105 0.225401 0.257246 -0.945442
2.67862 1.45025 0.301644 2.80559 1.18203 1.14007 0.729775 -0.353851 0.613802 -0.134894 0.190708 0.227356 -1.00046
2.71705 1.46519 0.380038 2.83211 1.23867 1.12498 0.5439 -0.418948 0.635196 -0.12385 0.154769 0.201488 -0.966033
2.70658 1.47074 0.181911 2.86003 1.29606 1.10973 0.858054 -0.0785089 0.639441 -0.159349 0.088171 0.215142 -1.01401
2.75114 1.47859 0.581107 2.8884 1.35222 1.09501 0.290325 -0.508336 0.64029 -0.155404 0.0494622 0.179891 -0.906132
2.77979 1.49459 0.678677 2.91798 1.40867 1.0802 0.589118 -0.114856 0.63146 -0.122273 0.0106746 0.162379 -0.79177
2.77262 1.49253 0.272636 2.94752 1.46303 1.0648 0.505285 0.21106 0.612953 -0.123061 -0.0589631 0.167275 -0.746134
2.80927 1.50816 0.839621 2.9768 1.51509 1.05045 0.297642 -0.0851393 0.595125 -0.155404 -0.0893057 0.141911 -0.64561
2.83738 1.52383 1.07127 3.00589 1.56506 1.0348 0.163754 -0.281175 0.571863 -0.170393 -0.121501 0.123829 -0.499102
2.83471 1.51736 0.717458 3.03476 1.61295 1.02019 0.269867 0.0193564 0.559468 -0.131739 -0.186134 0.120467 -0.336214
2.86404 1.54404 1.1501 3.06318 1.65857 1.00514 0.06314 -0.292784 0.527547 -0.145938 -0.203425 0.106737 -0.217671
2.86249 1.53605 0.941337 3.0912 1.70208 0.990597 0.133297 -0.244528 0.506323 -0.138839 -0.264232 0.100268 -0.24644
2.88717 1.55944 1.07095 3.11877 1.74353 0.975783 0.0395608 -0.43216 0.48408 -0.145938 -0.282265 0.0886115 -0.113794
2.90506 1.58825 1.13478 3.14574 1.78281 0.960601 0.0995285 -0.308708 0.463875 -0.140416 -0.297371 0.0857613 -0.103718
2.90965 1.5892 1.08122 3.1719 1.81971 0.945822 0.0976346 -0.484791 0.45114 -0.174337 -0.340384 0.0778154 -0.0423113
2.93217 1.62351 1.02204 3.19767 1.85494 0.930984 0.151478 -0.434683 0.428897 -0.135683 -0.344169 0.0748104 -0.0437754
2.95866 1.6708 0.970428 3.22275 1.88818 0.916216 0.323667 -0.230259 0.408692 -0.163293 -0.333236 0.0771526 -0.0837928
2.95705 1.66127 0.925568 3.24703 1.91938 0.901271 0.194834 -0.361262 0.38594 -0.142783 -0.382355 0.0671882 -0.120731
2.98665 1.70113 0.824186 3.27054 1.94867 0.886185 0.240312 -0.298269 0.367602 -0.12385 -0.371285 0.0633767 -0.171597
3.02758 1.75251 0.690362 3.29315 1.976 0.871204 0.257477 -0.334571 0.350283 -0.156982 -0.341992 0.0592768 -0.249972
3.02225 1.74205 0.726686 3.3149 2.00152 0.856508 0.272188 -0.28083 0.329908 -0.13805 -0.387749 0.0511472 -0.30157
3.06827 1.78632 0.436886 3.33566 2.02513 0.84135 0.322501 -0.228123 0.306816 -0.150671 -0.35625 0.0401883 -0.415512
3.11262 1.82213 0.383906 3.35607 2.04765 0.826334 0.371081 -0.205115 0.308684 -0.149883 -0.330815 0.0262332 -0.502648
3.11135 1.81968 0.543452 3.37784 2.07089 0.807579 0.342888 -0.257302 0.324305 -0.197214 -0.365749 0.0189182 -0.544971
3.15746 1.85196 0.33566 3.40115 2.09485 0.787428 0.383616 -0.263808 0.338058 -0.232712 -0.344063 0.00126628 -0.558562
3.20861 1.87542 0.33157 3.42577 2.11903 0.763159 0.423382 -0.253543 0.350962 -0.243756 -0.325325 -0.0259473 -0.551738
3.2041 1.88147 0.32832 3.45239 2.1439 0.737978 0.537126 -0.0433868 0.378299 -0.238234 -0.360251 -0.027112 -0.598268
3.25489 1.89773 0.34906 3.48119 2.16953 0.713839 0.325492 -0.246092 0.391203 -0.255589 -0.349015 -0.0572727 -0.569663
3.30119 1.91877 0.709931 3.51134 2.19507 0.689263 0.209986 -0.273933 0.388656 -0.224824 -0.337896 -0.0795757 -0.418965
3.28791 1.92016 0.353075 3.54063 2.21867 0.664485 0.40213 0.119649 0.372356 -0.261111 -0.383034 -0.0791585 -0.385936
3.34027 1.94027 0.795534 3.56934 2.24068 0.642547 0.220118 -0.015667 0.361829 -0.17907 -0.363395 -0.103231 -0.215173
3.32757 1.93587 0.496563 3.59794 2.26176 0.626371 0.25745 0.201266 0.346887 -0.152249 -0.410081 -0.105533 -0.27012
3.36631 1.95499 0.664294 3.62537 2.28134 0.611805 0.200448 0.145154 0.328719 -0.138839 -0.399508 -0.118358 -0.151814
3.40843 1.98303 1.00981 3.65187 2.2997 0.599073 0.034321 -0.00382664 0.314626 -0.108073 -0.379602 -0.124255 -0.0676571
3.4031 1.97966 0.819606 3.67669 2.31645 0.587335 0.134802 0.0768744 0.298666 -0.119117 -0.414372 -0.128742 0.0517621
3.43918 2.01095 0.968846 3.70029 2.33198 0.575028 0.0200791 -0.0424721 0.274216 -0.111229 -0.393715 -0.127391 0.165586
3.46629 2.04561 1.14524 3.72231 2.34608 0.562462 -0.0107671 -0.12458 0.257067 -0.123061 -0.376811 -0.117647 0.223294
3.47068 2.04609 1.07931 3.74287 2.35889 0.550416 -0.0315671 -0.192326 0.236522 -0.127006 -0.395598 -0.124226 0.32191
3.49745 2.08232 1.12341 3.76186 2.3704 0.538181 -0.0418626 -0.299249 0.216486 -0.119117 -0.374701 -0.111824 0.385666
3.52115 2.12632 0.939031 3.7791 2.38056 0.525614 0.185401 -0.00243122 0.192036 -0.128583 -0.350695 -0.0904956 0.329497
3.52051 2.11852 1.07532 3.7953 2.38985 0.516089 0.0241685 -0.27693 0.184735 -0.0757302 -0.372898 -0.100384 0.337691
3.5485 2.16393 0.787988 3.8109 2.39866 0.512811 0.163524 -0.0496181 0.178113 -0.00709969 -0.343814 -0.0757908 0.229162
3.57859 2.20178 0.649832 3.82533 2.40676 0.508504 0.123078 -0.110594 0.16385 -0.0560087 -0.315325 -0.0589084 0.137069
3.56817 2.19365 0.800465 3.83926 2.41448 0.503807 0.160714 -0.174379 0.155021 -0.043387 -0.344014 -0.0625229 0.0501487
3.61147 2.24163 0.626555 3.85194 2.42143 0.496932 0.175506 -0.139298 0.144833 -0.0859853 -0.297101 -0.0434099 0.00321278
3.65117 2.26728 0.526565 3.86549 2.42869 0.485111 0.213747 -0.131458 0.156379 -0.117539 -0.264863 -0.0428482 -0.0260551
3.64007 2.26681 0.504756 3.88079 2.43666 0.474189 0.274778 -0.127701 0.178622 -0.13095 -0.291719 -0.0411856 -0.113703
3.68874 2.28794 0.420939 3.89756 2.44514 0.459883 0.299687 -0.126996 0.190847 -0.171971 -0.256891 -0.0481863 -0.167936
3.72737 2.31134 0.295401 3.91708 2.4547 0.449435 0.427502 -0.0212895 0.222089 -0.119906 -0.233164 -0.0467023 -0.234543
3.72693 2.31881 0.244443 3.93813 2.46471 0.437838 0.412845 0.154737 0.243483 -0.104129 -0.253145 -0.0425883 -0.309717
3.75925 2.32789 0.242515 3.96126 2.47539 0.426219 0.408471 0.0132774 0.259444 -0.116751 -0.244914 -0.0507897 -0.357572
3.76429 2.33431 0.181172 3.98637 2.48663 0.41467 0.356161 0.284981 0.283894 -0.123061 -0.26463 -0.0499397 -0.384099
3.79834 2.346 0.201082 4.01292 2.49816 0.405215 0.29122 0.403622 0.291195 -0.0512756 -0.25719 -0.0552462 -0.389099
3.84778 2.35777 0.663126 4.03956 2.50954 0.404399 0.123001 -0.00397699 0.294421 0.0205102 -0.236035 -0.0640719 -0.248079
3.83278 2.35691 0.293713 4.06808 2.52185 0.411144 0.242853 0.478215 0.27863 0.0780967 -0.281606 -0.0571577 -0.21731
3.87127 2.37015 0.448157 4.09043 2.53168 0.419722 0.208679 0.489666 0.272008 0.121484 -0.265964 -0.0582061 -0.14353
3.92111 2.39039 0.804587 4.11501 2.54287 0.437862 0.119638 0.302935 0.269971 0.203525 -0.240263 -0.055881 -0.114516
3.91178 2.38806 0.652157 4.13852 2.55415 0.459777 0.174384 0.462024 0.252143 0.232712 -0.276895 -0.0482245 -0.0169491
3.95123 2.41176 0.890147 4.16 2.56506 0.482862 0.126989 0.263416 0.236522 0.226402 -0.256084 -0.0388374 0.107295
3.98701 2.44681 1.10991 4.17942 2.57549 0.505629 0.0765463 0.0786651 0.216486 0.239023 -0.230671 -0.0193859 0.186303
3.9847 2.44075 1.08303 4.1968 2.58534 0.528348 0.0825188 0.012386 0.195432 0.226402 -0.256067 -0.0179599 0.307208
4.0026 2.47447 1.12165 4.21219 2.59454 0.551386 0.12385 0.0627537 0.175057 0.218513 -0.241423 0.00752023 0.361339
4.03078 2.51448 1.10512 4.22583 2.60312 0.573668 0.143547 0.0488742 0.156889 0.214569 -0.21193 0.0314052 0.337459
4.03041 2.51197 1.01573 4.23858 2.6115 0.590435 0.162619 -0.0223599 0.149757 0.148305 -0.228337 0.0332109 0.298258
