0.050939 0.810812 0.576419 0.000252143 0.8 0.00107679 0.0683946 -0.526089 0 0 0.0506985 0.0107581 0.575342
0.050939 0.810812 0.576419 0.000252143 0.8 0.00107679 0.0738624 -0.571256 0 0 0.0506985 0.0107581 0.575342
0.0714856 0.834673 0.565976 0.000249596 0.8 -0.00191692 0.0933368 -0.0762142 0.00747089 -0.0347096 0.0711694 0.0348093 0.567893
0.0923279 0.833201 -0.251832 0.000843001 0.799995 -0.011608 0.0888404 -0.126456 -0.00390524 -0.0986069 0.0910933 0.0342654 -0.240224
0.0908354 0.828329 0.271815 0.00310433 0.799958 -0.0208376 0.108471 -0.650982 0.000509379 -0.119117 0.0871209 0.0301934 0.292652
0.118178 0.833553 -0.306383 0.00712447 0.799852 -0.0334396 0.153184 -0.115344 0.0414295 -0.108862 0.109864 0.0373946 -0.272943
0.115272 0.834277 0.0539014 0.0115774 0.799662 -0.0527744 0.152687 -0.62525 0.0534848 -0.150671 0.101725 0.0400366 0.106676
0.14033 0.836604 -0.195809 0.0177135 0.799278 -0.0741445 0.15693 -0.503721 0.0638422 -0.214569 0.119515 0.0463067 -0.121665
0.169063 0.831798 -0.272627 0.0251966 0.798636 -0.0987687 0.205435 -0.258847 0.0735204 -0.265844 0.139895 0.0471866 -0.173858
0.165928 0.834566 -0.416068 0.034459 0.797612 -0.124363 0.18287 -0.327501 0.0865945 -0.298187 0.12587 0.0529765 -0.291705
0.191317 0.828079 -0.563029 0.0459555 0.796041 -0.148857 0.21498 -0.146204 0.11512 -0.276099 0.139002 0.0532425 -0.414172
0.22528 0.810452 -0.383537 0.0594523 0.793862 -0.173256 0.245372 -0.169477 0.137872 -0.249278 0.160485 0.0449282 -0.210281
0.217473 0.816434 -0.632312 0.0747572 0.791008 -0.19788 0.265896 0.000148857 0.158587 -0.260322 0.134932 0.052986 -0.434431
0.245389 0.801754 -0.663108 0.0920355 0.787345 -0.221913 0.297216 0.132405 0.182528 -0.245334 0.146421 0.047808 -0.441195
0.279828 0.777132 -0.418837 0.111134 0.782804 -0.246786 0.27282 -0.0161826 0.203412 -0.246123 0.164969 0.0357095 -0.172052
0.274907 0.785282 -0.651213 0.131873 0.77734 -0.270889 0.331049 0.285741 0.222429 -0.247701 0.135692 0.0459264 -0.380324
0.30772 0.765965 -0.181622 0.153814 0.771013 -0.291242 0.282219 -0.0469357 0.229051 -0.174337 0.148874 0.0393575 0.109619
0.33747 0.751603 -0.0892569 0.176617 0.763993 -0.30705 0.322491 -0.0728872 0.243653 -0.161715 0.157074 0.0368073 0.217793
0.334884 0.753217 -0.396341 0.201227 0.755989 -0.323297 0.347859 0.501697 0.266235 -0.17197 0.127613 0.0398341 -0.0730445
0.367954 0.74086 -0.0229726 0.227199 0.747094 -0.336348 0.35475 0.151398 0.271669 -0.0851964 0.134926 0.0405708 0.313376
0.401865 0.735976 0.0563859 0.253563 0.737776 -0.343673 0.368595 0.13378 0.28678 -0.0670527 0.140237 0.0482762 0.400059
0.396972 0.733449 0.0931427 0.281837 0.72756 -0.350276 0.35774 0.213079 0.305627 -0.0662639 0.106122 0.0450407 0.443418
0.437499 0.738396 0.176926 0.311425 0.716671 -0.354192 0.383406 0.0998804 0.319211 -0.0126217 0.110713 0.0641025 0.531118
0.478019 0.749746 0.254139 0.341595 0.705542 -0.351991 0.379801 0.060779 0.328889 0.0149883 0.112819 0.0885284 0.60613
0.470397 0.736421 0.330182 0.37371 0.693799 -0.349057 0.399955 0.0066229 0.345868 0.0260323 0.0762787 0.0731187 0.679239
0.520037 0.760924 0.263441 0.407701 0.681461 -0.346903 0.409309 0.0867186 0.371507 0.0410205 0.078628 0.112922 0.610344
0.512706 0.745949 0.336669 0.443514 0.668568 -0.344501 0.437268 -0.0527411 0.387128 0.00788857 0.0389927 0.0962029 0.68117
0.558988 0.758215 0.293836 0.481425 0.655028 -0.341022 0.467376 -0.0475287 0.417521 0.0481202 0.0385856 0.123187 0.634858
0.616167 0.782163 0.0927641 0.521044 0.64104 -0.337981 0.457521 0.230712 0.431105 0.0197214 0.042947 0.16468 0.430745
0.607034 0.770954 0.20933 0.562262 0.626646 -0.332325 0.484081 -0.00194795 0.436198 0.0938738 -0.00475737 0.151019 0.541655
0.656448 0.781629 0.106506 0.604257 0.612414 -0.319522 0.505184 0.035037 0.453857 0.128583 -0.00360325 0.177045 0.426028
0.71928 0.78508 -0.147849 0.648239 0.598137 -0.307263 0.494518 0.0965065 0.472025 0.107284 0.0111726 0.199674 0.159414
0.707677 0.787943 0.00655071 0.694155 0.58384 -0.295099 0.526996 0.0316784 0.484759 0.131739 -0.0464228 0.199213 0.30165
0.760885 0.789506 -0.0910148 0.741564 0.569673 -0.284899 0.535704 0.0280508 0.502248 0.100973 -0.0432446 0.216402 0.193884
0.822818 0.778405 -0.277814 0.791342 0.555328 -0.275362 0.536466 0.106206 0.522623 0.0867741 -0.0303636 0.223231 -0.00245205
0.81443 0.786918 -0.198068 0.84163 0.541306 -0.267718 0.541391 0.0384044 0.534509 0.0820409 -0.0912038 0.229668 0.0696495
0.874415 0.773727 -0.326814 0.893434 0.527333 -0.259328 0.536894 0.0522994 0.536546 0.0536422 -0.0815667 0.233278 -0.0674853
0.924173 0.760376 -0.34348 0.945442 0.51365 -0.254512 0.531955 0.0518729 0.537735 0.0418093 -0.0827025 0.233424 -0.0889675
0.914238 0.770839 -0.421149 0.997177 0.500313 -0.249318 0.506214 0.1394 0.532641 0.0291877 -0.147125 0.241697 -0.171831
0.972614 0.744013 -0.324582 1.04841 0.487408 -0.243472 0.499227 0.0884489 0.532471 0.0725747 -0.135425 0.230763 -0.0811101
1.01041 0.737833 -0.152583 1.09817 0.475235 -0.235615 0.45172 0.070845 0.502927 0.0804632 -0.146638 0.234855 0.0830327
0.996738 0.742311 -0.487996 1.14641 0.463848 -0.226634 0.426066 0.359605 0.489344 0.11044 -0.20842 0.237711 -0.261362
1.04512 0.725884 -0.026381 1.1931 0.453296 -0.21576 0.392384 0.33243 0.478647 0.128583 -0.202898 0.234589 0.189379
1.07848 0.711609 0.0403386 1.23877 0.443585 -0.201584 0.354033 0.452448 0.45963 0.155405 -0.210703 0.230504 0.241923
1.06931 0.713085 -0.284874 1.28265 0.434913 -0.187101 0.339071 0.642238 0.446556 0.148305 -0.261363 0.233633 -0.0977729
1.10818 0.706546 0.112078 1.32505 0.427192 -0.170428 0.311337 0.597546 0.431784 0.202736 -0.261105 0.238525 0.282507
1.10364 0.704084 -0.0436245 1.3669 0.420428 -0.147567 0.297098 0.78103 0.419219 0.210624 -0.302108 0.241865 0.103943
1.13388 0.701042 0.297627 1.40734 0.414859 -0.122399 0.275145 0.573484 0.40207 0.277677 -0.306356 0.250655 0.420026
1.16377 0.709809 0.616336 1.44672 0.410536 -0.0931007 0.284355 0.0520111 0.391713 0.283199 -0.309543 0.271672 0.709437
1.15984 0.705005 0.533504 1.48431 0.407518 -0.0638855 0.251096 0.247854 0.372526 0.302921 -0.342798 0.276165 0.597389
1.18335 0.714503 0.610241 1.51998 0.405703 -0.0344099 0.244689 0.128068 0.351302 0.300554 -0.347054 0.297035 0.644651
1.21567 0.742636 0.699283 1.55369 0.404982 -0.00496978 0.235779 0.299458 0.330078 0.301343 -0.339694 0.335969 0.704253
1.2081 0.728194 0.605354 1.5853 0.405237 0.0244348 0.231982 0.110037 0.312419 0.302921 -0.369193 0.332077 0.58092
1.23698 0.744568 0.577707 1.61483 0.406352 0.0542062 0.234417 0.0883749 0.291195 0.300554 -0.35898 0.358191 0.523501
1.27628 0.78 0.687636 1.64263 0.408223 0.0825814 0.202144 0.347707 0.273027 0.252434 -0.334442 0.40073 0.605055
1.27271 0.763884 0.534737 1.66905 0.410709 0.107702 0.226901 0.0432903 0.260293 0.245334 -0.356081 0.393733 0.427035
1.31498 0.794838 0.406759 1.6938 0.413654 0.130339 0.205116 0.116288 0.247388 0.19958 -0.326071 0.427187 0.27642
1.3594 0.806455 -0.00548182 1.71759 0.416944 0.146195 0.222303 0.0765888 0.23822 0.156982 -0.297628 0.437534 -0.151676
1.35323 0.804783 0.341311 1.74036 0.420445 0.159376 0.239605 -0.0353894 0.231428 0.120695 -0.321227 0.440905 0.181935
1.4048 0.818304 -0.0532268 1.76245 0.424064 0.164678 0.228503 -0.0845924 0.222938 0.0307653 -0.288181 0.447538 -0.217904
1.45059 0.826929 -0.0554699 1.78525 0.427877 0.165104 0.246697 -0.156387 0.228032 -0.0339208 -0.26453 0.44863 -0.220573
1.4446 0.835919 0.116511 1.80809 0.431594 0.156217 0.269819 -0.116774 0.233975 -0.0978181 -0.296151 0.455953 -0.0397056
1.50571 0.838329 0.0265311 1.83227 0.435276 0.144704 0.262129 -0.228777 0.249935 -0.118328 -0.265031 0.445931 -0.118173
1.55728 0.842208 0.0196957 1.85797 0.438861 0.129688 0.26683 -0.259816 0.258765 -0.184592 -0.245999 0.438846 -0.109992
1.54686 0.851435 -0.0747235 1.88388 0.441982 0.106921 0.289325 -0.0707759 0.263519 -0.258745 -0.291401 0.443081 -0.181645
1.60858 0.84261 -0.016039 1.9104 0.444525 0.0833978 0.265513 -0.220029 0.267254 -0.212991 -0.267613 0.421844 -0.0994368
1.59676 0.853602 -0.147998 1.93706 0.446531 0.0638736 0.265641 0.0955653 0.267254 -0.217724 -0.313624 0.427962 -0.211871
1.64143 0.852607 -0.156707 1.96358 0.447984 0.0447991 0.23776 0.264713 0.265217 -0.162504 -0.303701 0.418644 -0.201506
1.69103 0.848399 0.0946264 1.98997 0.449021 0.0341022 0.225435 0.0279017 0.264877 -0.082041 -0.285148 0.409339 0.0605242
1.6813 0.850577 -0.0813428 2.0161 0.449868 0.0306944 0.208658 0.446464 0.253671 -0.0378651 -0.322342 0.410795 -0.112037
1.71739 0.849468 0.0806315 2.04059 0.450597 0.0295466 0.198558 0.47336 0.247558 -0.00473313 -0.311276 0.408245 0.0510849
1.76281 0.856799 0.466107 2.06511 0.451396 0.0379242 0.174885 0.483885 0.244332 0.111229 -0.286707 0.416572 0.428183
1.75294 0.851226 0.293093 2.08939 0.452485 0.0542772 0.189875 0.548325 0.239918 0.180648 -0.314329 0.416407 0.238816
1.78913 0.859311 0.495375 2.11288 0.453987 0.0769253 0.185894 0.463524 0.234654 0.246123 -0.291649 0.429006 0.41845
1.82544 0.881425 0.796935 2.13578 0.456045 0.10549 0.175442 0.417976 0.226504 0.288721 -0.263826 0.455693 0.691445
1.82426 0.873413 0.661107 2.15694 0.458584 0.137214 0.171329 0.355319 0.207317 0.302132 -0.27281 0.456436 0.523893
1.84516 0.890148 0.827369 2.17599 0.46148 0.168192 0.182997 0.386412 0.189829 0.307654 -0.254399 0.477999 0.659177
1.8779 0.919666 0.824547 2.19332 0.464683 0.201277 0.187131 0.288221 0.177094 0.343152 -0.218098 0.508858 0.62327
1.88731 0.915564 0.770221 2.21122 0.468649 0.237591 0.188946 0.198823 0.181169 0.346308 -0.209629 0.510598 0.53263
1.9128 0.94858 0.796352 2.22894 0.473183 0.265292 0.217301 0.201459 0.179641 0.258745 -0.180428 0.541653 0.531059
1.95747 0.982509 0.559098 2.2475 0.47843 0.287124 0.23082 0.0798432 0.195432 0.212202 -0.135406 0.565578 0.271975
1.94703 0.965972 0.65063 2.26722 0.484449 0.30666 0.270612 0.0727926 0.209864 0.187748 -0.159894 0.555717 0.34397
1.98878 1.00345 0.219583 2.28806 0.491222 0.322812 0.264892 0.20571 0.224127 0.159349 -0.12132 0.580707 -0.103228
2.03162 1.02281 0.188058 2.31063 0.498955 0.338786 0.281772 0.0801659 0.241785 0.159349 -0.0890584 0.586804 -0.150728
2.02367 1.02072 0.447842 2.33497 0.50773 0.354796 0.331155 0.068429 0.263519 0.157771 -0.113699 0.589185 0.0930466
2.0759 1.03926 0.173922 2.36062 0.51742 0.368486 0.314954 0.0445023 0.280498 0.13095 -0.0776367 0.58937 -0.194564
2.06823 1.04607 0.325821 2.38788 0.528143 0.381857 0.344316 0.0741195 0.296289 0.125428 -0.103628 0.599744 -0.0560368
2.11352 1.06668 0.192534 2.41625 0.539691 0.392105 0.349883 0.155512 0.314287 0.106495 -0.078376 0.602677 -0.199571
2.16076 1.07264 0.103413 2.44639 0.552322 0.402257 0.360842 0.115198 0.335511 0.112017 -0.059129 0.590612 -0.298844
2.15596 1.08037 0.092838 2.478 0.565956 0.413191 0.348193 0.272307 0.347397 0.112018 -0.0883832 0.600432 -0.320353
2.19445 1.08912 0.0555769 2.51069 0.580503 0.426787 0.334207 0.434838 0.362338 0.176704 -0.077335 0.593898 -0.37121
2.24049 1.09355 0.305664 2.54325 0.595689 0.449636 0.333107 0.208092 0.361999 0.2619 -0.0562768 0.579966 -0.143972
2.22805 1.09496 0.0971011 2.57522 0.611643 0.47936 0.308778 0.575719 0.352151 0.299765 -0.0851249 0.588962 -0.382259
2.25938 1.10108 0.189584 2.60574 0.628009 0.508918 0.294724 0.626966 0.345868 0.325797 -0.0719725 0.581877 -0.319334
2.29383 1.1151 0.541732 2.63569 0.645371 0.547351 0.275141 0.637415 0.348925 0.42046 -0.0474634 0.579017 -0.00561976
2.29144 1.10916 0.329271 2.6639 0.663285 0.58924 0.271065 0.710003 0.329229 0.414149 -0.061858 0.577671 -0.259969
2.32754 1.12696 0.700524 2.69 0.681441 0.632713 0.263101 0.600798 0.331606 0.524589 -0.0288467 0.573611 0.0678108
2.36093 1.14452 0.825651 2.71465 0.700403 0.683713 0.25393 0.481383 0.307156 0.513545 0.00632142 0.567727 0.141938
2.35765 1.13732 0.761339 2.73678 0.719278 0.733742 0.253279 0.557486 0.287969 0.496979 -0.00163057 0.564363 0.027597
2.38638 1.16603 1.02143 2.7565 0.737871 0.784197 0.25955 0.315401 0.267254 0.511178 0.0403567 0.564517 0.237229
2.40226 1.18768 1.00385 2.77449 0.756659 0.834203 0.29125 0.314948 0.261142 0.490668 0.0692272 0.565279 0.169648
2.4087 1.18168 1.07689 2.79188 0.776618 0.877345 0.287687 0.126176 0.266745 0.431504 0.0665852 0.553588 0.199547
2.42567 1.22185 0.939253 2.80884 0.797784 0.915506 0.326436 0.223263 0.267594 0.35183 0.102728 0.562221 0.0237468
2.45154 1.2567 0.933951 2.82537 0.819935 0.946721 0.345079 0.196307 0.283554 0.328164 0.135989 0.558585 -0.0127707
2.44845 1.24126 1.01903 2.84248 0.844427 0.977972 0.380443 -0.00547481 0.303081 0.313176 0.108979 0.548505 0.0410586
2.4776 1.29385 0.776627 2.85967 0.870719 1.0074 0.378895 0.248134 0.318362 0.287932 0.153686 0.549002 -0.230773
2.47057 1.27547 0.936019 2.87685 0.898652 1.0335 0.425394 -0.054928 0.331606 0.243756 0.115782 0.541899 -0.097484
2.49748 1.31161 0.847178 2.89429 0.928733 1.05993 0.456155 -0.0501243 0.354698 0.259533 0.139973 0.533351 -0.212748
2.53457 1.35153 0.42375 2.91179 0.960764 1.08435 0.414193 0.0164632 0.373375 0.248489 0.169094 0.516138 -0.660599
2.52918 1.34772 0.752385 2.92916 0.994465 1.10639 0.468536 -0.129222 0.377789 0.202736 0.136695 0.515832 -0.354009
2.56382 1.38181 0.638722 2.94625 1.02925 1.12234 0.461204 -0.146072 0.39392 0.160927 0.151885 0.497475 -0.483623
2.60506 1.40687 0.33266 2.96346 1.06564 1.13664 0.440407 -0.0591905 0.401221 0.127006 0.158813 0.468685 -0.803978
2.60013 1.41201 0.509878 2.98056 1.10296 1.14461 0.446215 -0.196795 0.41871 0.0536422 0.12413 0.474165 -0.634736
2.63655 1.43681 0.371586 2.99778 1.14103 1.14655 0.430219 -0.1425 0.414125 -0.00236656 0.120869 0.450954 -0.774968
2.67862 1.45025 0.301644 3.01511 1.17914 1.13947 0.429105 -0.206554 0.422785 -0.0694193 0.105603 0.419011 -0.837822
2.67196 1.45625 0.250642 3.03307 1.21761 1.12582 0.415494 -0.127255 0.425162 -0.162504 0.0599693 0.428666 -0.875181
2.71705 1.46519 0.380038 3.05174 1.2559 1.10767 0.398 -0.306225 0.424992 -0.149094 0.0377171 0.392927 -0.727634
2.75114 1.47859 0.581107 3.07067 1.29316 1.0904 0.384323 -0.40732 0.421087 -0.201947 0.016775 0.369055 -0.509288
2.74004 1.4823 0.181444 3.09027 1.32987 1.0668 0.367117 0.0630488 0.414295 -0.274522 -0.0356508 0.380295 -0.885357
2.77979 1.49459 0.678677 3.1103 1.36516 1.04052 0.347002 -0.0308363 0.405126 -0.22088 -0.0555067 0.35059 -0.361843
2.80927 1.50816 0.839621 3.13106 1.39986 1.02083 0.332667 -0.0112444 0.403258 -0.191692 -0.0758494 0.330947 -0.181209
2.80436 1.50361 0.46279 3.15145 1.43248 1.00125 0.30351 0.257701 0.381185 -0.186959 -0.12727 0.330666 -0.538457
2.83738 1.52383 1.07127 3.17174 1.46362 0.98519 0.296341 -0.105026 0.371507 -0.15146 -0.134623 0.311931 0.0860825
2.86404 1.54404 1.1501 3.19211 1.49403 0.975309 0.304522 -0.118068 0.36098 -0.0725748 -0.142616 0.299657 0.174787
2.86249 1.53605 0.941337 3.21162 1.52255 0.965784 0.288082 -0.0974626 0.338907 -0.0962404 -0.18747 0.294835 -0.0244473
2.88598 1.56475 1.1735 3.23032 1.54937 0.956424 0.294053 -0.161009 0.315985 -0.098607 -0.185926 0.290248 0.217073
2.88717 1.55944 1.07095 3.24813 1.57438 0.945858 0.288755 -0.276244 0.305627 -0.121484 -0.223298 0.284001 0.125093
2.90965 1.5892 1.08122 3.26584 1.5986 0.930475 0.309814 -0.360231 0.300534 -0.175126 -0.22035 0.28001 0.150744
2.92962 1.62927 1.03002 3.28398 1.62242 0.905046 0.324398 -0.248002 0.301043 -0.280044 -0.21348 0.282924 0.124971
2.93217 1.62351 1.02204 3.30312 1.64609 0.873997 0.344339 -0.420674 0.309193 -0.317909 -0.255371 0.26999 0.148046
2.95705 1.66127 0.925568 3.32386 1.67021 0.84387 0.377585 -0.369436 0.323116 -0.317909 -0.250459 0.268147 0.081698
2.99515 1.71432 0.812782 3.34613 1.69449 0.811082 0.377536 -0.283176 0.340265 -0.323431 -0.227344 0.26813 0.00170085
2.98665 1.70113 0.824186 3.3707 1.71958 0.777417 0.420635 -0.331628 0.357584 -0.345519 -0.286671 0.256238 0.0467686
3.02225 1.74205 0.726686 3.39733 1.745 0.744498 0.437754 -0.264775 0.36947 -0.306076 -0.277842 0.251987 -0.0178123
3.06827 1.78632 0.436886 3.4265 1.77106 0.710065 0.420519 -0.231387 0.395788 -0.338419 -0.261708 0.245093 -0.273178
3.065 1.78216 0.639608 3.45771 1.79712 0.6795 0.458065 -0.215804 0.412427 -0.278466 -0.314891 0.235151 -0.0398923
3.11262 1.82213 0.383906 3.49038 1.82288 0.653267 0.444611 -0.155227 0.428558 -0.269789 -0.300435 0.229003 -0.269361
3.15746 1.85196 0.33566 3.525 1.84874 0.628832 0.441385 -0.108715 0.42618 -0.209835 -0.295342 0.218795 -0.293172
3.15849 1.85368 0.428994 3.56046 1.87406 0.611852 0.446416 0.0140606 0.438406 -0.145149 -0.340756 0.214204 -0.182858
3.20861 1.87542 0.33157 3.59623 1.89892 0.602907 0.434377 0.00963337 0.437726 -0.0615307 -0.332607 0.200439 -0.271337
3.25489 1.89773 0.34906 3.63227 1.92366 0.601463 0.418418 0.0475679 0.435689 0.00157769 -0.325827 0.19216 -0.252403
3.24691 1.90332 0.287559 3.66773 1.94801 0.602019 0.379595 0.358985 0.426011 0.0354985 -0.372139 0.201486 -0.31446
3.30119 1.91877 0.709931 3.70238 1.97192 0.608172 0.361294 0.0976838 0.427199 0.100974 -0.359625 0.185604 0.101759
3.34027 1.94027 0.795534 3.73637 1.99587 0.620952 0.335485 0.289804 0.410729 0.153827 -0.354502 0.185237 0.174582
3.32757 1.93587 0.496563 3.76842 2.01908 0.634062 0.327148 0.430485 0.39375 0.125428 -0.404453 0.194129 -0.137499
3.37686 1.95907 0.860413 3.79896 2.04184 0.64941 0.28122 0.325183 0.381525 0.19327 -0.386233 0.189332 0.211004
3.36631 1.95499 0.664294 3.8283 2.06453 0.669549 0.294193 0.406967 0.361999 0.189325 -0.43023 0.200836 -0.00525543
3.4031 1.97966 0.819606 3.85567 2.0866 0.689641 0.285629 0.322271 0.349943 0.202736 -0.417181 0.205455 0.129965
3.44338 2.01323 1.16827 3.88101 2.10791 0.711023 0.239992 0.135785 0.325493 0.21378 -0.39338 0.213872 0.457245
3.43918 2.01095 0.968846 3.90442 2.12845 0.73192 0.248667 0.209462 0.306476 0.221668 -0.424618 0.223515 0.236926
3.47068 2.04609 1.07931 3.92591 2.14813 0.753408 0.226742 0.0530395 0.283045 0.19958 -0.401833 0.237018 0.325906
3.48964 2.08023 1.08388 3.94554 2.16688 0.774199 0.251183 0.151264 0.271669 0.224035 -0.386535 0.256787 0.309685
3.49745 2.08232 1.12341 3.96377 2.18502 0.792575 0.224783 -0.0887656 0.252992 0.159349 -0.400505 0.260002 0.330833
3.52051 2.11852 1.07532 3.98139 2.20312 0.805402 0.24868 -0.158633 0.252482 0.104918 -0.380314 0.273735 0.269917
3.5485 2.16393 0.787988 3.99873 2.22126 0.809283 0.273026 -0.0664138 0.251973 0.011044 -0.352162 0.286322 -0.0212954
3.54279 2.15563 0.954027 4.01632 2.23965 0.806609 0.285886 -0.224169 0.258595 -0.0212991 -0.388317 0.283718 0.147418
3.57859 2.20178 0.649832 4.03489 2.25895 0.79945 0.274754 -0.201477 0.269462 -0.122273 -0.359083 0.287307 -0.149618
3.61147 2.24163 0.626555 4.05385 2.27819 0.783771 0.275894 -0.216173 0.271669 -0.168815 -0.339127 0.286416 -0.157216
3.60028 2.23168 0.647473 4.07359 2.29749 0.762898 0.314957 -0.256677 0.27897 -0.21378 -0.387602 0.279497 -0.115425
3.65117 2.26728 0.526565 4.09403 2.31666 0.741363 0.284634 -0.21676 0.283045 -0.209047 -0.359978 0.262641 -0.214797
3.68874 2.28794 0.420939 4.11546 2.33592 0.720359 0.288301 -0.17349 0.283894 -0.216146 -0.35236 0.24543 -0.299421
3.68386 2.29626 0.36634 4.13701 2.35447 0.700125 0.291891 -0.0806831 0.283554 -0.18617 -0.384055 0.247451 -0.333785
3.72737 2.31134 0.295401 4.15921 2.37291 0.685878 0.296053 -0.0418079 0.289667 -0.119906 -0.373189 0.225859 -0.390477
3.75925 2.32789 0.242515 4.1818 2.39125 0.678471 0.296846 0.0270596 0.292384 -0.0583753 -0.368735 0.215857 -0.435956
3.76429 2.33431 0.181172 4.20485 2.40979 0.676814 0.247987 0.324275 0.293572 0.0102551 -0.390719 0.217084 -0.495642
3.80269 2.34432 0.197482 4.22795 2.42841 0.681737 0.258438 0.13888 0.301043 0.0844075 -0.383201 0.202684 -0.484254
3.79834 2.346 0.201082 4.25032 2.44673 0.692138 0.211488 0.430478 0.283724 0.104918 -0.412253 0.210899 -0.491056
3.83278 2.35691 0.293713 4.27139 2.46438 0.704527 0.195398 0.463124 0.273706 0.146727 -0.403793 0.202188 -0.410814
3.88214 2.37552 0.729243 4.29129 2.48155 0.722181 0.173331 0.310995 0.25435 0.183014 -0.377105 0.190896 0.00706131
3.87127 2.37015 0.448157 4.30972 2.49807 0.74141 0.172416 0.488916 0.245351 0.207469 -0.409759 0.201755 -0.293253
3.91178 2.38806 0.652157 4.32662 2.51383 0.76246 0.169615 0.418668 0.227353 0.221668 -0.386856 0.19559 -0.110303
3.95572 2.4169 1.00521 4.34227 2.5291 0.787392 0.137122 0.191247 0.212751 0.250067 -0.352287 0.194697 0.217815
3.95123 2.41176 0.890147 4.35617 2.54338 0.812833 0.154754 0.26608 0.195432 0.250067 -0.373963 0.203609 0.0773138
3.9847 2.44075 1.08303 4.36834 2.55652 0.838404 0.142526 0.0610815 0.176755 0.251645 -0.342605 0.207851 0.244627
4.0026 2.47447 1.12165 4.37926 2.56894 0.861892 0.164225 0.0846918 0.16368 0.222457 -0.316912 0.224407 0.259762
4.00912 2.47784 1.0446 4.38978 2.58139 0.876245 0.151812 -0.0226921 0.162322 0.124639 -0.323202 0.226195 0.168357
4.03078 2.51448 1.10512 4.4002 2.59399 0.882718 0.182458 -0.0520511 0.16402 0.0473313 -0.296028 0.234867 0.222398
4.06045 2.56394 0.972353 4.41069 2.60678 0.88435 0.197258 -0.0215807 0.170133 0.00788857 -0.255122 0.24376 0.0880022
4.05758 2.54601 1.13066 4.42208 2.62065 0.88312 0.225999 -0.311436 0.182867 -0.00552201 -0.28904 0.234274 0.247541
4.08366 2.60375 0.801062 4.43426 2.63547 0.879759 0.241924 0.0289946 0.193564 -0.0615307 -0.247896 0.249959 -0.0786976
4.1166 2.63071 0.630877 4.44701 2.65072 0.869252 0.235182 -0.212971 0.203242 -0.10334 -0.228535 0.239461 -0.238375
