-0.0490014 0.788603 -0.254531 1.52814e-05 0.8 -2.36657e-05 0.035649 0.00984223 0 0 -0.0490164 -0.0113983 -0.254507
-0.0490014 0.788603 -0.254531 1.52814e-05 0.8 -2.36657e-05 0.0406367 0.00940783 0 0 -0.0490164 -0.0113983 -0.127242
-0.0360674 0.792298 -0.391377 0.00146446 0.8 -0.000177492 0.0652819 0.104923 0.0117157 0.0070997 -0.0375305 -0.0077088 -0.215125
-0.0206542 0.793051 -0.412437 0.00704471 0.800001 0.00108862 0.0902886 0.146196 0.0215637 0.0386539 -0.0277064 -0.00691994 -0.265675
-0.00681657 0.794574 -0.446161 0.0153908 0.800032 0.00678021 0.114953 0.182792 0.0589182 0.0528533 -0.0222439 -0.00530684 -0.319274
0.00811292 0.796151 -0.407111 0.0269504 0.80016 0.0160453 0.122642 0.168266 0.0865945 0.0678416 -0.0188994 -0.00370629 -0.366684
0.0269213 0.795668 -0.386 0.0425917 0.800522 0.0315818 0.138827 0.183359 0.110365 0.118328 -0.0158158 -0.00435659 -0.380876
0.0503522 0.792023 -0.331537 0.060079 0.801237 0.051674 0.157785 0.157744 0.129213 0.155405 -0.0101898 -0.00869915 -0.380744
0.0770252 0.784511 -0.333909 0.0804813 0.802534 0.0761088 0.179656 0.145093 0.150606 0.168026 -0.00481645 -0.0177081 -0.377115
0.102322 0.773682 -0.315372 0.103751 0.804549 0.0979167 0.203363 0.107678 0.175057 0.166449 -0.00444045 -0.030579 -0.375988
0.131089 0.76186 -0.327903 0.131697 0.807584 0.119015 0.216219 0.0806159 0.195771 0.136472 -0.00603195 -0.0453277 -0.382562
0.162098 0.746765 -0.435436 0.16057 0.811256 0.133498 0.213642 0.107579 0.21309 0.087563 -0.00706899 -0.0641204 -0.42302
0.188593 0.735476 -0.416872 0.190846 0.81552 0.148183 0.188176 0.101659 0.212581 0.102551 -0.014046 -0.0788346 -0.458446
0.215372 0.725354 -0.268801 0.220099 0.820104 0.16392 0.158761 0.0404601 0.191696 0.101762 -0.0201259 -0.0927083 -0.46254
0.246981 0.719492 0.327267 0.24489 0.824369 0.176783 0.15612 0.077757 0.175736 0.076519 -0.0163864 -0.10361 -0.31161
0.281159 0.717785 0.452941 0.266634 0.828372 0.188107 0.159969 0.0131623 0.157908 0.082041 -0.00641155 -0.111351 -0.10084
0.315045 0.717123 0.53481 0.28807 0.832528 0.193561 0.193622 -0.277672 0.158926 0.00946629 0.00427305 -0.118438 0.131626
0.344855 0.717821 0.306393 0.311536 0.837116 0.189018 0.224141 -0.183573 0.158247 -0.0583753 0.0103114 -0.12343 0.279968
0.387927 0.727222 0.21427 0.335095 0.841439 0.173055 0.250456 -0.169565 0.177943 -0.119906 0.0323753 -0.121608 0.267681
0.431757 0.741813 0.19295 0.362444 0.846007 0.157045 0.284047 -0.158993 0.207487 -0.124639 0.0521633 -0.113753 0.218693
0.481313 0.757464 0.0629372 0.395559 0.850983 0.13984 0.303435 -0.0650312 0.238389 -0.108862 0.0718816 -0.104559 0.11793
0.525813 0.769093 -0.0182342 0.431783 0.85578 0.122789 0.310437 -0.051631 0.266575 -0.13095 0.0827048 -0.0975507 0.053824
0.575303 0.774738 -0.0401403 0.471426 0.860359 0.106708 0.333183 -0.10967 0.294761 -0.123061 0.0941674 -0.0961978 0.00630236
0.628856 0.77506 -0.130508 0.514542 0.864682 0.0928167 0.356462 -0.101095 0.322097 -0.101762 0.105515 -0.0998315 -0.0606703
0.682827 0.772209 -0.164447 0.56544 0.869051 0.0779547 0.387423 -0.117412 0.351641 -0.10334 0.109488 -0.105689 -0.102654
0.731549 0.773706 -0.187232 0.616162 0.872666 0.0635896 0.4149 -0.108755 0.379487 -0.0844076 0.108865 -0.106092 -0.130539
0.780597 0.769581 -0.22983 0.671663 0.87583 0.0491181 0.424649 -0.120077 0.400372 -0.119906 0.103586 -0.111469 -0.16349
0.829639 0.757846 -0.27624 0.731094 0.878343 0.0333331 0.423788 -0.0979925 0.420747 -0.11044 0.0944741 -0.123714 -0.184138
0.873063 0.744893 -0.28855 0.793642 0.879974 0.0183646 0.401269 -0.0602989 0.42652 -0.0836187 0.0769273 -0.136516 -0.200195
0.907271 0.73887 -0.168315 0.850673 0.880658 0.00532477 0.358987 -0.057268 0.406994 -0.0560087 0.0558423 -0.142087 -0.182426
0.943571 0.728514 -0.0124052 0.905617 0.880717 -0.00398767 0.306445 0.0483468 0.380167 -0.0844075 0.0385606 -0.152051 -0.118757
0.976898 0.716126 0.138467 0.960047 0.880244 -0.0138326 0.268362 0.243087 0.353 -0.0418093 0.0191195 -0.16387 -0.00523552
1.00787 0.715594 0.429881 1.00701 0.8794 -0.0216659 0.257726 0.140122 0.325493 -0.0354985 0.00440692 -0.163749 0.182206
1.04238 0.718878 0.619191 1.05113 0.878392 -0.0242928 0.263101 -0.0748755 0.305458 -0.0354985 -0.00487338 -0.15968 0.381709
1.06982 0.720962 0.426329 1.09411 0.87728 -0.0276297 0.256301 -0.104044 0.274895 -0.0370762 -0.0199545 -0.15693 0.49473
1.09653 0.729691 0.414531 1.13126 0.876131 -0.0364096 0.251418 -0.131192 0.261991 -0.0859853 -0.0293775 -0.147608 0.572526
1.1296 0.747196 0.585061 1.16672 0.874569 -0.0535672 0.232274 -0.250902 0.253501 -0.12385 -0.0302513 -0.129178 0.628478
1.16786 0.770084 0.596474 1.20146 0.872365 -0.0769962 0.209864 -0.0890995 0.244842 -0.198792 -0.0256319 -0.104562 0.646228
1.19815 0.781476 0.288221 1.23629 0.8692 -0.106578 0.158902 0.209067 0.231258 -0.203525 -0.0285846 -0.0912827 0.641283
1.23679 0.796491 0.355112 1.26772 0.86557 -0.122079 0.163987 0.248617 0.221919 -0.0733635 -0.0222862 -0.0723319 0.641929
1.2842 0.804542 -0.00250589 1.29749 0.861852 -0.12428 0.207947 0.125834 0.212751 0.0102551 -0.00608037 -0.0585145 0.497238
1.33057 0.814895 -0.0811819 1.32867 0.858102 -0.111584 0.238363 0.149476 0.208676 0.120695 0.00670123 -0.042727 0.315128
1.36592 0.823779 -0.131967 1.35888 0.854966 -0.0941065 0.279407 0.131584 0.228372 0.134894 0.00994298 -0.0303866 0.192604
1.41044 0.825428 -0.133422 1.39295 0.852035 -0.0763454 0.301431 0.0940545 0.249935 0.121484 0.0194633 -0.025196 0.052709
1.45915 0.820729 -0.123074 1.43121 0.84946 -0.0575312 0.311466 0.0914379 0.283554 0.132528 0.0295523 -0.0270757 0.0037526
1.50232 0.820631 -0.106565 1.47655 0.847274 -0.0388472 0.308645 0.089181 0.308684 0.113595 0.026781 -0.0256219 -0.0212772
1.54426 0.812452 -0.157785 1.51931 0.845865 -0.0263162 0.293291 0.0735862 0.307495 0.0733636 0.0258235 -0.0327446 -0.0402626
1.58159 0.809085 0.0130328 1.56114 0.844997 -0.0147319 0.269099 0.0242639 0.296968 0.0749413 0.0209719 -0.0356068 -0.0152332
1.61634 0.809151 0.204565 1.60381 0.844589 -0.00412966 0.228258 0.108095 0.277442 0.0662639 0.0126774 -0.0353859 0.0560745
1.64614 0.809039 0.424734 1.6406 0.844537 0.0016211 0.203319 0.276737 0.252482 0.0465425 0.00548833 -0.0355068 0.183148
1.67457 0.810035 0.548162 1.67461 0.84474 0.0131581 0.194245 0.317287 0.240767 0.107284 -0.000487008 -0.0347019 0.348098
1.70444 0.819479 0.703734 1.70684 0.845451 0.0346229 0.190425 0.298865 0.225825 0.178281 -0.00329393 -0.0258729 0.499308
1.73236 0.831711 0.818892 1.73865 0.846992 0.0659917 0.196443 0.264837 0.20511 0.22088 -0.00728238 -0.014833 0.621521
1.75563 0.844969 0.841017 1.7663 0.849271 0.101881 0.203215 0.298378 0.199167 0.269 -0.0110562 -0.00319416 0.689703
1.78016 0.869719 0.816835 1.79422 0.852636 0.141722 0.2163 0.327636 0.20511 0.302921 -0.011501 0.0188968 0.71703
1.81159 0.904023 0.800038 1.82522 0.857739 0.188272 0.232154 0.342872 0.218524 0.338419 -0.0047298 0.0480177 0.694556
1.85159 0.942221 0.730019 1.85612 0.864315 0.23474 0.233683 0.391642 0.232447 0.339997 0.0137093 0.0768245 0.62587
1.88463 0.969691 0.68545 1.88764 0.87264 0.286958 0.245606 0.390151 0.234994 0.400739 0.0245872 0.0939329 0.53476
1.91998 0.996457 0.60105 1.91965 0.88299 0.34172 0.275219 0.240458 0.242634 0.376284 0.0383386 0.106794 0.426051
1.95623 1.02255 0.371976 1.95218 0.895469 0.392886 0.27813 0.285536 0.253161 0.338419 0.0523947 0.115846 0.267871
1.99394 1.04933 0.373834 1.98865 0.911543 0.439483 0.301761 0.251408 0.276593 0.314753 0.0634159 0.122443 0.132227
2.03352 1.07107 0.37239 2.02479 0.929376 0.479076 0.312361 0.201946 0.296798 0.276099 0.0730661 0.121713 0.0143693
2.07296 1.09146 0.290903 2.06502 0.951169 0.514077 0.323178 0.167207 0.315306 0.216935 0.0758976 0.118253 -0.0981689
2.11357 1.10936 0.205655 2.10354 0.973575 0.539909 0.328485 0.122328 0.322607 0.167237 0.0784029 0.11132 -0.16558
2.15263 1.12315 0.142219 2.14238 0.997382 0.559989 0.333363 0.0449947 0.327361 0.119906 0.0754874 0.101111 -0.243564
2.19993 1.12987 0.127836 2.18126 1.0221 0.571266 0.319358 0.0418224 0.332964 0.0291876 0.0739731 0.0805627 -0.31598
2.23645 1.13737 0.627646 2.22206 1.04852 0.578058 0.295801 -0.0669315 0.316494 0.0504867 0.0606 0.0665579 -0.238586
2.264 1.14348 0.440752 2.25909 1.07277 0.580957 0.266794 0.164254 0.31157 0.0102551 0.0429131 0.0564122 -0.182711
2.29861 1.15068 0.441755 2.29406 1.09572 0.581927 0.251517 0.263862 0.297987 0.0339208 0.0340101 0.0434159 -0.108797
2.32522 1.15145 0.549517 2.32971 1.11942 0.594292 0.22632 0.352428 0.284403 0.106495 0.0142086 0.0290541 -0.0157419
2.34537 1.15808 0.779724 2.36137 1.14123 0.615591 0.206466 0.309698 0.266745 0.166449 -0.00333628 0.0229945 0.000978295
2.36744 1.17409 1.05894 2.38972 1.16176 0.640511 0.224994 0.08507 0.243483 0.171971 -0.0104959 0.0232026 0.130605
2.38166 1.19053 1.08494 2.41569 1.18152 0.660035 0.222353 0.0242741 0.2299 0.115173 -0.0213662 0.0279795 0.271876
2.39675 1.21439 1.00976 2.44225 1.20232 0.667289 0.209857 -0.00431088 0.224297 0.0339208 -0.0282697 0.0376397 0.379684
2.41155 1.23896 0.97173 2.46596 1.22105 0.669395 0.206798 -0.00968096 0.212072 -0.00236656 -0.031555 0.0478105 0.425579
2.42626 1.27 0.917482 2.48878 1.2391 0.668307 0.214671 0.0141165 0.207148 -0.00631082 -0.0299237 0.0630029 0.391304
2.44798 1.31119 0.865154 2.51373 1.25878 0.669099 0.233066 0.057197 0.215128 0.0212991 -0.0190645 0.0818956 0.335566
2.47402 1.35174 0.833682 2.53822 1.27819 0.672093 0.263175 0.0994915 0.22973 0.0465425 -0.00444585 0.0975297 0.288552
2.49613 1.38502 0.828666 2.5648 1.2995 0.680317 0.297997 0.106933 0.256218 0.0575864 0.000415251 0.109675 0.244562
2.52217 1.41448 0.68568 2.59388 1.32327 0.690659 0.300574 0.023151 0.276932 0.0702081 0.00283258 0.115992 0.17627
2.55001 1.44175 0.514653 2.62746 1.35128 0.69893 0.303727 -0.00729245 0.299685 0.0323431 -0.00107491 0.119088 0.0803733
2.58409 1.48064 0.537702 2.65988 1.37855 0.699249 0.300841 -0.0382948 0.31157 -0.000788811 0.00770026 0.126912 0.00605873
2.61324 1.49939 0.53391 2.69224 1.40567 0.694978 0.284703 -0.078248 0.30393 -0.0394428 -0.000660687 0.122564 -0.0633587
2.64494 1.521 0.415658 2.72566 1.43338 0.687464 0.27593 -0.0708418 0.285762 -0.0796744 -0.00678845 0.118947 -0.12335
2.67542 1.54273 0.327444 2.75594 1.45797 0.676874 0.282222 -0.0200268 0.278461 -0.0536422 -0.00967655 0.116503 -0.159562
2.71285 1.5591 0.207796 2.78635 1.48225 0.671217 0.283429 0.0344863 0.282026 -0.0212991 -0.00976205 0.105897 -0.236383
2.75411 1.57181 0.246291 2.81734 1.50688 0.67317 0.263965 0.0413251 0.283554 0.037865 -0.00895035 0.0901828 -0.31024
2.7883 1.5838 0.576233 2.8494 1.53258 0.678719 0.224342 -0.0853172 0.266066 0.0481202 -0.0154047 0.078229 -0.275646
2.81559 1.60204 0.682928 2.87731 1.5552 0.683441 0.220711 0.120461 0.248237 0.0189326 -0.0182837 0.0752956 -0.191496
2.84746 1.61917 0.776664 2.90309 1.57626 0.688186 0.208118 0.135992 0.233975 0.0567976 -0.0157145 0.0684746 -0.0540238
2.88975 1.63159 0.910232 2.92875 1.5976 0.700871 0.201132 0.0638923 0.217675 0.0946626 -0.00788122 0.0511344 0.0992767
2.9117 1.66231 1.08167 2.95072 1.61639 0.713851 0.197042 -0.0111585 0.200695 0.059953 0.000575077 0.060256 0.212654
2.92836 1.69353 1.16809 2.97191 1.63485 0.71733 0.217307 -0.0882086 0.197639 -0.00157769 0.005756 0.0728462 0.330466
2.94776 1.73136 1.08005 2.99374 1.65384 0.713307 0.24189 -0.0863824 0.210713 -0.0465425 0.015958 0.0887107 0.410336
2.97542 1.76784 1.02894 3.01887 1.67536 0.702906 0.26836 -0.0726368 0.23788 -0.065475 0.0266212 0.0986477 0.450414
3.00319 1.81143 0.949423 3.04578 1.6979 0.691653 0.299391 -0.0200928 0.260972 -0.065475 0.03961 0.1146 0.428607
3.03348 1.85301 0.762605 3.0756 1.72234 0.681051 0.320447 -0.0666877 0.285931 -0.0615307 0.0495397 0.128042 0.337837
3.06138 1.8931 0.503397 3.11085 1.7507 0.673643 0.34337 -0.0305688 0.31157 -0.0607419 0.0501768 0.142151 0.201081
3.10244 1.93422 0.510281 3.14686 1.77922 0.66555 0.365557 -0.0387009 0.33619 -0.0552199 0.0607743 0.149358 0.0795098
3.14836 1.96702 0.473719 3.18567 1.80954 0.661006 0.384187 -0.0195676 0.367942 -0.0276099 0.0672276 0.147212 -0.0348723
3.19071 1.99559 0.454623 3.22719 1.84167 0.655787 0.390179 -0.00926866 0.382374 -0.00315544 0.0649398 0.144238 -0.10665
3.23373 2.02128 0.444579 3.27323 1.877 0.653965 0.385244 -0.0340193 0.389845 -0.0299765 0.0564236 0.138537 -0.119532
3.27508 2.04477 0.406439 3.31647 1.91003 0.649871 0.37783 -0.0274297 0.390864 -0.0283988 0.0485713 0.132317 -0.141398
3.31645 2.06251 0.666317 3.35885 1.94211 0.64586 0.331236 -0.0842595 0.379148 -0.0118328 0.0386027 0.121661 -0.0892373
3.34808 2.0838 0.629516 3.40269 1.975 0.641115 0.319684 0.0890212 0.353509 -0.0268211 0.0213052 0.119864 -0.040769
3.37934 2.09778 0.767297 3.44116 2.00365 0.63986 0.294128 0.162414 0.338567 0.0268211 0.00660844 0.11242 0.0411647
3.41164 2.11565 0.970764 3.47766 2.03092 0.644712 0.271568 0.0705426 0.320909 0.0504867 -0.00183745 0.107398 0.177395
3.43757 2.13857 0.979627 3.51144 2.05656 0.654805 0.247419 0.0972973 0.296798 0.0725748 -0.00864628 0.110028 0.245629
3.46275 2.16321 1.13037 3.5419 2.08017 0.664485 0.231828 -0.00564965 0.265726 0.0686304 -0.0111003 0.114177 0.361163
3.48052 2.1882 1.10853 3.57099 2.10315 0.672768 0.227792 -0.00615731 0.245011 0.0591641 -0.0177508 0.122899 0.438188
3.50018 2.22059 1.02533 3.5965 2.12352 0.673939 0.231445 -0.0182805 0.227862 -0.00631085 -0.0146906 0.13596 0.450658
3.52785 2.26249 0.881468 3.62161 2.14356 0.672413 0.256553 0.0473779 0.232786 -0.0197214 0.000726605 0.151447 0.427645
3.56106 2.29029 0.67915 3.64976 2.1659 0.670437 0.244586 -0.02852 0.251803 0.0291876 0.00778377 0.152578 0.316816
3.59112 2.32312 0.640216 3.67693 2.18745 0.668957 0.253922 -0.0838104 0.24637 -0.0260322 0.0168202 0.159652 0.201217
3.62859 2.35345 0.4417 3.70435 2.20899 0.66097 0.280478 -0.05331 0.252822 -0.0922961 0.0288712 0.160538 0.0632958
3.66878 2.38731 0.388151 3.73566 2.23306 0.649019 0.311003 -0.0277246 0.274046 -0.0836187 0.0399493 0.163307 -0.0480823
3.70858 2.41745 0.342719 3.7678 2.25721 0.639872 0.350088 0.0050745 0.300534 -0.0536422 0.0481763 0.163906 -0.123043
3.75454 2.44338 0.344021 3.80349 2.28355 0.631944 0.366056 0.00244861 0.326342 -0.0457536 0.0549194 0.157871 -0.189164
3.80421 2.46989 0.350094 3.84203 2.31156 0.624277 0.368924 -0.0203834 0.35317 -0.0599531 0.0618589 0.150575 -0.204398
3.85387 2.49217 0.6919 3.88651 2.34346 0.620218 0.339717 -0.016941 0.365734 -0.011044 0.0598679 0.139983 -0.124402
3.89482 2.5164 0.75931 3.92726 2.37248 0.617283 0.349452 0.0776956 0.347397 -0.033132 0.0568479 0.136135 -0.0173195
3.9377 2.53903 0.826099 3.96661 2.40044 0.620644 0.333758 0.119311 0.347736 0.0583753 0.0570806 0.129557 0.0998395
3.97842 2.56911 0.95692 4.0078 2.43023 0.633932 0.305096 0.0892658 0.334153 0.108862 0.0585846 0.1293 0.238258
4.01504 2.59935 1.00098 4.04454 2.45766 0.650486 0.298891 0.0607624 0.312759 0.108862 0.0623289 0.130611 0.298974
4.0371 2.62739 1.04015 4.07752 2.48305 0.66155 0.303538 0.030957 0.301552 0.0773078 0.0567808 0.138722 0.358121
4.06647 2.66618 1.03784 4.11316 2.511 0.667762 0.303464 -0.0135366 0.302741 0.016566 0.05943 0.150759 0.404845
4.09715 2.71612 0.90659 4.14641 2.53724 0.667928 0.318561 0.0395917 0.300873 0.00315544 0.0721136 0.170952 0.392097
4.12291 2.758 0.80134 4.18061 2.56418 0.668259 0.350675 0.116688 0.316324 0.0260323 0.0748047 0.187879 0.341855
4.12291 2.758 0.80134 4.21657 2.59274 0.674389 0.362678 0.14376 0.338228 0.0583753 0.0300347 0.187571 0.276022
4.12291 2.758 0.80134 4.25721 2.62558 0.687263 0.367579 0.191753 0.355547 0.132528 -0.0198034 0.187559 0.204023
4.12291 2.758 0.80134 4.29624 2.65825 0.709485 0.364652 0.214652 0.366244 0.175915 -0.0665179 0.188593 0.155488
4.12291 2.758 0.80134 4.33434 2.69185 0.73825 0.35157 0.228973 0.364206 0.209047 -0.111861 0.191223 0.126723
4.12291 2.758 0.80134 4.37327 2.72835 0.771513 0.332832 0.23563 0.354698 0.232712 -0.158794 0.195812 0.0934605
