0.0714856 0.0346726 0.565976 -0.000140079 1.23562e-08 -0.000414149 0.072991 0.0199875 0 0 0.0716113 0.0347022 0.56639
0.0714856 0.0346726 0.565976 -0.000140079 1.23562e-08 -0.000414149 0.0933864 0.0264373 0 0 0.0716113 0.0347022 0.283402
0.0923279 0.0332006 -0.251833 0.00134985 -6.61206e-07 -0.000591642 0.108451 0.051526 0.0247898 0.048909 0.0909584 0.0332551 0.105306
0.118178 0.0335527 -0.306384 0.00653533 -2.29216e-06 -0.000473313 0.141706 0.0857136 0.0280158 0.054431 0.111626 0.0336078 0.00241293
0.141766 0.0359503 -0.265145 0.0159359 -4.79259e-06 -0.000272155 0.188756 0.0170046 0.0708037 0.00552199 0.125821 0.0359894 -0.205568
0.169063 0.0317981 -0.272628 0.0303997 -5.17968e-06 -0.000118329 0.213874 0.00232674 0.104593 0 0.13866 0.0318197 -0.415373
0.197573 0.0238076 -0.32791 0.0480013 -7.23068e-06 -8.28295e-05 0.234828 0.00899523 0.13142 0.00315541 0.149569 0.0238272 -0.434428
0.22528 0.0104518 -0.383539 0.0695735 -7.93504e-06 -8.28301e-05 0.248577 0.00165628 0.161643 0.00473313 0.155705 0.0104726 -0.453716
0.253267 -0.00343131 -0.404947 0.0950832 -5.34908e-06 0.000224824 0.252134 -0.0132348 0.191696 -0.000788844 0.158183 -0.00346152 -0.488975
0.279828 -0.0228678 -0.418838 0.126879 -5.00248e-07 -3.54987e-05 0.272509 0.0367373 0.220731 -0.00631085 0.15295 -0.0228619 -0.525267
0.30772 -0.034035 -0.181623 0.160689 7.78401e-07 0.000118327 0.266016 -0.0677507 0.256048 0.00315538 0.147027 -0.0340531 -0.488849
0.33747 -0.0483967 -0.0892581 0.197244 -4.1888e-05 -0.00493429 0.29116 -0.16312 0.263689 -0.0733636 0.140462 -0.0476623 -0.410226
0.367954 -0.0591403 -0.0229732 0.237852 -0.000447519 -0.0169919 0.333574 -0.089338 0.277951 -0.0938738 0.13108 -0.0564737 -0.302675
0.401865 -0.0640235 0.0563856 0.278607 -0.00146046 -0.0338064 0.349881 -0.123808 0.302571 -0.121484 0.125302 -0.0583612 -0.167055
0.437499 -0.0616043 0.176926 0.323395 -0.00335572 -0.0513545 0.358558 -0.168762 0.329738 -0.0978181 0.116944 -0.0523146 -0.0598694
0.478019 -0.0502543 0.254138 0.371874 -0.00621821 -0.0697427 0.366298 -0.237738 0.357584 -0.154616 0.108956 -0.0365322 0.0443679
0.520037 -0.0390757 0.26344 0.425654 -0.0106724 -0.0992893 0.372986 -0.258796 0.36896 -0.229557 0.0967345 -0.0189074 0.145518
0.566911 -0.0280899 0.209646 0.477088 -0.0166297 -0.134516 0.375834 -0.186562 0.370828 -0.242968 0.0905487 0.000689616 0.219059
0.616167 -0.0178368 0.0927635 0.528782 -0.0244382 -0.165281 0.38514 -0.0389142 0.372865 -0.179859 0.0851078 0.0208888 0.228784
0.668491 -0.0149072 -0.0148823 0.584141 -0.0343066 -0.185835 0.375684 -0.105908 0.37728 -0.0946627 0.0793126 0.0346503 0.182083
0.71928 -0.0149196 -0.14785 0.635978 -0.0443674 -0.199289 0.375539 -0.0953341 0.372356 -0.104918 0.0758233 0.0453564 0.0927139
0.767203 -0.0166862 -0.191709 0.687319 -0.0550992 -0.213772 0.391388 -0.0770274 0.376092 -0.0938738 0.0699162 0.0544857 0.00685847
0.822818 -0.0215951 -0.277815 0.739808 -0.0668243 -0.226563 0.405709 -0.0576933 0.393071 -0.10334 0.070729 0.0627199 -0.0729947
0.874415 -0.0262731 -0.326814 0.79797 -0.0805513 -0.236929 0.412249 -0.0384115 0.407673 -0.0465425 0.0615689 0.0707048 -0.140612
0.924173 -0.039624 -0.34348 0.85371 -0.0942216 -0.243674 0.411709 -0.029656 0.411918 -0.0331319 0.0552092 0.0699854 -0.182775
0.972614 -0.0559874 -0.324583 0.909512 -0.108212 -0.248194 0.394193 -0.0313465 0.411409 -0.0465425 0.0483394 0.0661259 -0.211473
1.01041 -0.0621669 -0.152584 0.967567 -0.123048 -0.252655 0.355597 -0.0529563 0.391882 -0.0394428 0.026262 0.0696576 -0.175705
1.04512 -0.0741156 -0.0263818 1.01954 -0.136575 -0.256974 0.321309 0.132386 0.374054 -0.00867738 0.00886845 0.0669105 -0.0962776
1.07848 -0.0883913 0.0403376 1.06798 -0.149405 -0.260251 0.281192 0.224511 0.354867 0.00631082 -0.0055515 0.0616616 0.00295455
1.10818 -0.0934544 0.112078 1.11368 -0.161525 -0.257908 0.240607 0.319766 0.326003 0.0252434 -0.0226783 0.0644169 0.109777
1.13708 -0.0956159 0.522728 1.15905 -0.173379 -0.252465 0.22217 -0.0737852 0.299854 0.0268211 -0.040694 0.0698117 0.273162
1.16377 -0.0901912 0.616336 1.19795 -0.183273 -0.244585 0.195338 -0.147555 0.275914 0.0623196 -0.0557019 0.0820349 0.425961
1.18976 -0.0760426 0.670559 1.23311 -0.19192 -0.236704 0.202026 0.0591353 0.247388 0.0465425 -0.0693138 0.10248 0.575635
1.21567 -0.0573644 0.699284 1.2667 -0.199908 -0.228989 0.176001 0.107573 0.22175 0.0662639 -0.0820558 0.127239 0.714722
1.24278 -0.0378823 0.635595 1.29411 -0.206195 -0.221179 0.157638 0.244394 0.190508 0.0552199 -0.0870037 0.152951 0.735129
1.27628 -0.0199996 0.687637 1.31919 -0.211684 -0.20595 0.157471 0.303222 0.182697 0.145149 -0.0812092 0.178858 0.737725
1.31498 -0.00516235 0.406759 1.3432 -0.216415 -0.178238 0.142606 0.226807 0.173528 0.224035 -0.065226 0.202903 0.644063
1.3594 0.00645454 -0.0054825 1.36656 -0.220214 -0.140468 0.165068 0.246686 0.154002 0.257956 -0.03882 0.223435 0.430101
1.4048 0.0183044 -0.0532276 1.38801 -0.222915 -0.10827 0.19592 0.171458 0.161643 0.239812 -0.00937372 0.241622 0.225698
1.45059 0.0269289 -0.0554708 1.4122 -0.225143 -0.0741209 0.233776 0.12809 0.179811 0.253223 0.0196106 0.254222 0.00577157
1.50571 0.0383294 0.0265304 1.4415 -0.226851 -0.0416989 0.255388 0.0472987 0.208336 0.209047 0.0530973 0.267627 -0.121708
1.55728 0.0422079 0.019695 1.47227 -0.227706 -0.0135486 0.271184 0.00863296 0.225485 0.179859 0.0813452 0.271041 -0.143564
1.60858 0.0426099 -0.0160397 1.50561 -0.227822 0.00719436 0.284232 -0.00805442 0.246539 0.141994 0.104913 0.269684 -0.15501
1.65361 0.0420866 -0.045008 1.5415 -0.227311 0.0212873 0.290733 -0.0383012 0.26267 0.0828298 0.117824 0.26695 -0.166487
1.69103 0.048399 0.0946254 1.58245 -0.226296 0.0271209 0.29356 -0.0273075 0.27863 0.0181437 0.115995 0.271649 -0.155297
1.72639 0.0546709 0.353368 1.6229 -0.225217 0.0251448 0.33159 0.154745 0.292723 -0.0252434 0.110503 0.277197 -0.0699023
1.76281 0.0567987 0.466107 1.66447 -0.224208 0.0248371 0.325937 0.217101 0.300873 0.0252433 0.105285 0.278478 0.0509421
1.79527 0.0677819 0.605563 1.7105 -0.222855 0.0376639 0.313815 0.265449 0.309702 0.135683 0.0956593 0.287238 0.200758
1.82544 0.0814251 0.796935 1.75404 -0.220701 0.0663704 0.308077 0.237872 0.309872 0.253223 0.091289 0.296725 0.347629
1.84516 0.0901477 0.827369 1.79724 -0.217133 0.100153 0.314324 0.201787 0.306307 0.230346 0.0784078 0.300949 0.432347
1.8779 0.119666 0.824547 1.84053 -0.212142 0.13054 0.308151 0.107196 0.314796 0.216146 0.080244 0.324121 0.49157
1.9128 0.14858 0.796352 1.88703 -0.205438 0.154478 0.312533 0.0478363 0.310382 0.113595 0.0799404 0.345836 0.515329
1.95747 0.182509 0.559098 1.92996 -0.198502 0.164938 0.301226 -0.0302172 0.315306 0.0717858 0.0896934 0.371324 0.44541
1.98878 0.203447 0.219583 1.97264 -0.191313 0.167174 0.325199 0.0771392 0.304099 -0.0134106 0.0816015 0.386571 0.291227
2.03162 0.222806 0.188058 2.01801 -0.183705 0.166251 0.309541 0.0176756 0.310042 0.0252434 0.0806946 0.398654 0.133027
2.0759 0.239263 0.173922 2.06071 -0.176448 0.169955 0.311576 0.00432219 0.3114 0.022088 0.0852863 0.407152 -0.0262838
2.12063 0.256297 0.190852 2.10358 -0.169062 0.171268 0.309549 -0.0162748 0.313268 0.00867738 0.0892994 0.41623 -0.119659
2.16076 0.272641 0.103413 2.14642 -0.161665 0.169884 0.355029 0.0235792 0.312249 -0.0149883 0.0875663 0.425629 -0.147317
2.20065 0.284644 0.104059 2.19356 -0.153628 0.168003 0.388765 0.0846671 0.329398 0 0.0802763 0.430916 -0.166435
2.24049 0.29355 0.305662 2.2415 -0.145558 0.165435 0.333909 -0.00129854 0.358942 -0.0173548 0.0713194 0.433279 -0.130932
2.27032 0.299568 0.384438 2.29098 -0.137338 0.163802 0.277659 -0.0629767 0.350283 -0.0181437 0.0508579 0.434428 -0.0809028
2.29383 0.315095 0.541732 2.3398 -0.129321 0.161897 0.315796 0.238011 0.315815 -0.0126217 0.0262614 0.446016 0.0305821
2.32754 0.326958 0.700526 2.38274 -0.122273 0.166784 0.292105 0.239663 0.312249 0.0922961 0.0201506 0.45216 0.174812
2.36093 0.344516 0.825652 2.42512 -0.114745 0.188178 0.263342 0.220528 0.301552 0.168815 0.0228543 0.463162 0.283415
2.38638 0.366026 1.02143 2.465 -0.106616 0.216671 0.214783 0.129638 0.278291 0.204314 0.0248222 0.478494 0.414169
2.40226 0.387677 1.00385 2.50325 -0.0976318 0.247531 0.220064 0.156097 0.249426 0.202736 0.0209881 0.495262 0.498839
2.42567 0.421846 0.939254 2.53491 -0.089192 0.274971 0.228275 0.182739 0.226843 0.18617 0.0336212 0.5215 0.531081
2.45154 0.456698 0.933952 2.56534 -0.0802413 0.299513 0.231502 0.182479 0.225655 0.172759 0.0496964 0.546611 0.533615
2.4776 0.493852 0.776628 2.59829 -0.069603 0.327131 0.289334 0.275043 0.230239 0.173548 0.0667649 0.572355 0.444797
2.50153 0.528087 0.732862 2.63016 -0.0583606 0.352346 0.311255 0.278986 0.251633 0.187748 0.0816579 0.594809 0.351834
2.53457 0.551532 0.423749 2.66534 -0.0449396 0.378071 0.265578 0.166336 0.279989 0.171182 0.0986378 0.60262 0.197233
2.56888 0.580661 0.351454 2.70161 -0.0300468 0.403571 0.30731 0.178404 0.267764 0.174337 0.117759 0.613771 0.0261088
2.60506 0.606874 0.332659 2.73941 -0.0133719 0.428834 0.352135 0.171703 0.287799 0.183803 0.13572 0.619948 -0.110146
2.64301 0.630074 0.322001 2.77791 0.00474262 0.452215 0.377238 0.146667 0.316494 0.183014 0.151906 0.621419 -0.236243
2.67862 0.650247 0.301644 2.81977 0.025651 0.475526 0.396249 0.1184 0.341624 0.170393 0.160462 0.619914 -0.29008
2.71705 0.665187 0.380037 2.86732 0.0508571 0.500186 0.341817 0.0462674 0.370998 0.156982 0.162768 0.611137 -0.307594
2.75114 0.678588 0.581108 2.91271 0.0763185 0.523307 0.285405 -0.0445697 0.364885 0.133317 0.161034 0.602414 -0.268604
2.77979 0.694594 0.678679 2.95503 0.101208 0.541459 0.428954 0.212356 0.341793 0.141205 0.155642 0.598828 -0.197586
2.80927 0.708163 0.839623 2.9956 0.126063 0.559445 0.387606 0.178521 0.346208 0.106496 0.151013 0.592242 -0.0810766
2.83738 0.723834 1.07127 3.04195 0.155684 0.579336 0.325078 0.069271 0.377959 0.135683 0.139853 0.58744 0.0718418
2.86404 0.74404 1.1501 3.08514 0.184505 0.600149 0.28082 0.0536452 0.371677 0.19958 0.133544 0.586626 0.193276
2.88598 0.764754 1.1735 3.12455 0.212072 0.621662 0.249742 0.00916567 0.333983 0.163293 0.127932 0.588227 0.295468
2.90506 0.788246 1.13478 3.16255 0.239902 0.644487 0.249946 0.0122303 0.299854 0.146727 0.123601 0.593047 0.346433
2.92962 0.829274 1.03002 3.19424 0.264207 0.664828 0.269694 0.0369308 0.277781 0.129372 0.140341 0.607971 0.315778
2.95866 0.870799 0.970428 3.22393 0.28779 0.675714 0.302311 0.0108688 0.270311 0.0362873 0.157665 0.620814 0.259974
2.99515 0.914324 0.812782 3.25427 0.312237 0.680873 0.298751 -0.0303349 0.285252 0.0315542 0.177655 0.630944 0.164636
3.02758 0.952509 0.690362 3.28881 0.340317 0.680991 0.3202 -0.126432 0.300534 -0.0457537 0.182452 0.640103 0.0534124
3.06827 0.986317 0.436886 3.32185 0.366952 0.673998 0.354008 -0.0691242 0.305797 -0.0717858 0.188423 0.642195 -0.0878775
3.11262 1.02213 0.383905 3.35746 0.395027 0.660166 0.397927 -0.0678334 0.331096 -0.0836187 0.191175 0.645488 -0.220676
3.15746 1.05196 0.335659 3.39935 0.427108 0.645812 0.42958 -0.0934222 0.363017 -0.11044 0.182884 0.644601 -0.325603
3.20861 1.07542 0.33157 3.44192 0.458767 0.632228 0.474606 -0.0864344 0.395957 -0.0962404 0.176185 0.635335 -0.401717
3.25489 1.09773 0.349061 3.4884 0.492353 0.618029 0.476782 -0.109387 0.420577 -0.115962 0.160451 0.6287 -0.409474
3.30119 1.11877 0.709932 3.53849 0.527465 0.604078 0.405182 -0.140349 0.452668 -0.100973 0.140559 0.621445 -0.314017
3.34027 1.14027 0.795535 3.59391 0.56517 0.589299 0.494555 -0.0196195 0.432463 -0.101762 0.108771 0.619069 -0.184268
3.37686 1.15907 0.860414 3.64537 0.599111 0.575431 0.459685 0.00205469 0.448933 -0.0867741 0.079455 0.615905 -0.0381891
3.40843 1.18303 1.00981 3.6996 0.633893 0.567787 0.388701 0.0211667 0.459969 -0.00394432 0.0498282 0.619558 0.134642
3.44338 1.21323 1.16827 3.75641 0.670121 0.567597 0.255482 -0.0614232 0.441292 0.0197214 0.0280304 0.626242 0.249416
3.46629 1.24561 1.14524 3.80609 0.701798 0.567881 0.245806 -0.0482902 0.411918 0.0126217 0.00601572 0.64122 0.336558
3.48964 1.28023 1.08389 3.8524 0.731333 0.567941 0.251987 -0.0158788 0.384581 0.00709969 -0.0105634 0.657855 0.392366
3.52115 1.32632 0.939032 3.89506 0.758559 0.567846 0.317263 0.0482244 0.353339 -0.0118328 -0.00987804 0.679752 0.374766
3.5485 1.36393 0.787988 3.93748 0.785619 0.568378 0.202423 -0.00409073 0.326682 0.022088 -0.0165383 0.696764 0.279163
3.57859 1.40178 0.649832 3.9743 0.809236 0.572839 0.165013 -0.0231175 0.301043 0.02761 -0.0113726 0.712435 0.150851
3.61147 1.44163 0.626554 4.00767 0.830856 0.577087 0.165021 -0.0176735 0.274386 0.0315542 0.00118989 0.728028 0.0322704
3.65117 1.46728 0.526565 4.03961 0.851765 0.582424 0.167127 -0.0068471 0.242634 0.0386539 0.0141614 0.727695 -0.0761828
3.68874 1.48794 0.420938 4.06587 0.869148 0.58737 0.224221 0.014735 0.217505 0.0370762 0.0289933 0.724079 -0.172891
3.72737 1.51134 0.295402 4.09075 0.885793 0.592565 0.392736 0.0529129 0.217335 0.0362874 0.0479306 0.72184 -0.266694
3.75925 1.52789 0.242514 4.11777 0.904017 0.594245 0.449273 0.047995 0.243993 0.0134106 0.0522406 0.717646 -0.364384
3.80269 1.54432 0.197481 4.15016 0.925919 0.595984 0.452267 0.0475801 0.27897 0.0181437 0.0595527 0.706829 -0.448394
3.84778 1.55777 0.663127 4.18393 0.94887 0.59796 0.214672 -0.0748249 0.302911 0.00788857 0.0649609 0.692483 -0.389823
3.88214 1.57552 0.729244 4.21878 0.972662 0.600244 0.419988 0.0802472 0.29527 0.016566 0.062725 0.687627 -0.283646
3.92111 1.59039 0.804588 4.25511 0.997609 0.603072 0.357378 0.0540299 0.305458 0.0118328 0.0611292 0.677654 -0.145956
3.95572 1.6169 1.00521 4.29217 1.0232 0.605249 0.226318 -0.0290805 0.333983 0.0197214 0.0611122 0.679663 0.0537988
3.98701 1.64681 1.10991 4.33038 1.04969 0.607533 0.130779 -0.0822214 0.321588 0.0157771 0.0589248 0.686279 0.163211
4.0026 1.67447 1.12166 4.36522 1.07396 0.60958 0.136895 -0.0481914 0.297477 0.0347097 0.0465028 0.699951 0.259267
4.03078 1.71448 1.10512 4.39783 1.09678 0.611556 0.136054 -0.0489023 0.266745 0.0181436 0.0541197 0.716479 0.332423
4.06045 1.76394 0.972354 4.42816 1.11809 0.613331 0.206263 0.013778 0.236522 0.0181437 0.0710528 0.739785 0.322435
4.08366 1.80375 0.801063 4.45305 1.13567 0.61584 0.37555 0.10925 0.207827 0.00473313 0.0843854 0.758726 0.242714
4.1166 1.83071 0.630877 4.47772 1.15316 0.617887 0.100771 -0.0434923 0.226164 0.011044 0.0981548 0.761473 0.117972
4.14551 1.87047 0.452118 4.50324 1.17134 0.620242 0.228588 0.0325623 0.218354 0.011044 0.115256 0.776833 -0.0476325
4.1868 1.90574 0.432369 4.52972 1.19028 0.622443 0.270213 0.0365838 0.227013 0.0291876 0.138523 0.781205 -0.18483
4.1868 1.90574 0.432369 4.55689 1.20987 0.626596 0.28134 0.0163332 0.249426 0.0307653 0.108267 0.780694 -0.281157
4.1868 1.90574 0.432369 4.58703 1.23179 0.631199 0.292545 -0.00783661 0.277781 0.0252433 0.0745912 0.780271 -0.335387
4.1868 1.90574 0.432369 4.62171 1.25717 0.631648 0.292928 -0.0477334 0.292044 -0.0126216 0.0319657 0.780231 -0.340774
4.1868 1.90574 0.432369 4.6546 1.28115 0.626738 0.282207 -0.084034 0.291704 -0.0536422 -0.0125677 0.780245 -0.335863
4.1868 1.90574 0.432369 4.6872 1.30461 0.618585 0.265457 -0.110659 0.283894 -0.0867741 -0.0590949 0.779913 -0.32771
