0.0714856 0.834673 0.565976 7.64076e-06 0.8 3.54988e-05 0.0789354 0.026053 0 0 0.0714792 0.0346705 0.56594
0.0714856 0.834673 0.565976 1.01877e-05 0.8 4.73316e-05 0.0856745 0.0341626 0 0 0.071477 0.0346696 0.565929
0.0690499 0.820261 0.43443 0.000695303 0.8 0.000201158 0.102459 -0.530774 0.00950841 -0.0441759 0.0683587 0.0202474 0.434229
0.0923279 0.833201 -0.251832 0.00260802 0.799998 -0.00347885 0.107152 -0.0321602 0.0191866 -0.0118328 0.0896039 0.0335144 -0.248353
0.118178 0.833553 -0.306383 0.00522614 0.799978 -0.0122588 0.136302 -0.0137739 0.0227523 -0.0425982 0.112531 0.0349571 -0.294124
0.115272 0.834277 0.0539014 0.00986083 0.7999 -0.0218671 0.140622 -0.560698 0.038543 -0.122273 0.104635 0.036673 0.0757685
0.141766 0.83595 -0.265144 0.0158897 0.799739 -0.0344572 0.18419 -0.157709 0.0529754 -0.157771 0.124555 0.0405267 -0.230687
0.14033 0.836604 -0.195809 0.0224774 0.799456 -0.052455 0.165556 -0.439393 0.0677474 -0.180648 0.115743 0.0432769 -0.143354
0.165928 0.834566 -0.416068 0.0311049 0.798921 -0.0713638 0.176942 -0.26385 0.0816704 -0.223246 0.131938 0.0451669 -0.344705
0.197573 0.823808 -0.327909 0.0418639 0.798058 -0.0903673 0.231315 -0.157355 0.108498 -0.207469 0.15275 0.0396968 -0.237542
0.191317 0.828079 -0.563029 0.0545789 0.796795 -0.108886 0.227198 -0.0718615 0.129552 -0.191692 0.132529 0.0459584 -0.454143
0.217473 0.816434 -0.632312 0.0692613 0.79506 -0.127759 0.257429 0.0376169 0.151286 -0.196425 0.14428 0.040083 -0.504553
0.253267 0.796569 -0.404945 0.085899 0.792774 -0.146337 0.256059 -0.104679 0.17234 -0.19327 0.165026 0.028159 -0.258609
0.245389 0.801754 -0.663108 0.104496 0.789864 -0.165494 0.300432 0.160681 0.191187 -0.198792 0.137008 0.0349387 -0.497614
0.274907 0.785282 -0.651213 0.125101 0.786243 -0.183906 0.323228 0.301629 0.214958 -0.18617 0.147455 0.0264506 -0.467307
0.30772 0.765965 -0.181622 0.147085 0.781965 -0.20059 0.281505 -0.0511476 0.226334 -0.13805 0.160602 0.0163271 0.0189681
0.305129 0.768569 -0.574168 0.170102 0.777146 -0.212932 0.333947 0.492129 0.239748 -0.113595 0.133791 0.0201517 -0.361236
0.33747 0.751603 -0.0892569 0.194402 0.771767 -0.22209 0.325069 -0.00714724 0.250445 -0.0670527 0.143995 0.0118449 0.132834
0.367954 0.74086 -0.0229726 0.219226 0.76613 -0.223972 0.350652 0.150703 0.259444 -0.00946626 0.150626 0.00839404 0.200999
0.365071 0.741116 -0.147999 0.245907 0.760021 -0.226421 0.343497 0.43282 0.277951 -0.02761 0.120366 0.00832824 0.0784221
0.401865 0.735976 0.0563859 0.273997 0.75355 -0.225214 0.373036 0.179393 0.291195 0.0354985 0.128564 0.0114256 0.2816
0.437499 0.738396 0.176926 0.302591 0.7471 -0.217487 0.376283 0.118646 0.297817 0.0867741 0.133609 0.0206104 0.394413
0.432052 0.731751 0.256489 0.333233 0.740465 -0.208755 0.377983 0.0871912 0.316834 0.0757301 0.0984795 0.0119543 0.465244
0.478019 0.749746 0.254139 0.36565 0.733729 -0.199975 0.397443 0.0729585 0.341284 0.11044 0.106948 0.0380194 0.454114
0.520037 0.760924 0.263441 0.400555 0.72679 -0.191656 0.415203 0.0606829 0.362848 0.0812521 0.110793 0.0562688 0.455097
0.512706 0.745949 0.336669 0.437054 0.719847 -0.183231 0.450524 -0.041081 0.380506 0.109651 0.0696298 0.0394496 0.5199
0.566911 0.77191 0.209647 0.475806 0.71283 -0.174747 0.447833 0.131603 0.402749 0.0978181 0.0794458 0.0740196 0.384394
0.558988 0.758215 0.293836 0.516692 0.705781 -0.165754 0.485501 -0.0659905 0.419559 0.108073 0.0330653 0.0586942 0.45959
0.607034 0.770954 0.20933 0.559236 0.698842 -0.157034 0.513124 -0.0652736 0.446725 0.106495 0.0359324 0.0786997 0.366363
0.668491 0.785093 -0.0148812 0.60413 0.691907 -0.148703 0.497767 0.00926802 0.460479 0.093085 0.0498448 0.101693 0.133822
0.656448 0.781629 0.106506 0.651077 0.68508 -0.139509 0.542081 -0.0880647 0.485099 0.0717859 -0.00810634 0.0963583 0.246015
0.707677 0.787943 0.00655071 0.699762 0.678393 -0.133439 0.548836 -0.0787137 0.4924 0.0599529 -0.0067301 0.109629 0.13999
0.767203 0.783314 -0.191709 0.750372 0.671748 -0.127144 0.544112 0.0158128 0.517359 0.0875629 0.00254801 0.112799 -0.0645649
0.760885 0.789506 -0.0910148 0.802637 0.665163 -0.123061 0.562089 -0.0953408 0.528226 0.0260322 -0.0566988 0.118278 0.0320467
0.81443 0.786918 -0.198068 0.856176 0.658594 -0.122198 0.556896 -0.081558 0.542828 -0.0118328 -0.0570768 0.122278 -0.0758706
0.874415 0.773727 -0.326814 0.910634 0.651804 -0.127025 0.555298 -0.0673808 0.553525 -0.0441759 -0.0513738 0.116353 -0.199788
0.86606 0.780551 -0.31216 0.96567 0.644606 -0.133782 0.538672 -0.065019 0.548431 -0.0741524 -0.116853 0.121444 -0.178378
0.924173 0.760376 -0.34348 1.02009 0.637122 -0.140491 0.538655 -0.0731033 0.54979 -0.0678416 -0.112228 0.108609 -0.202989
0.972614 0.744013 -0.324582 1.07331 0.629427 -0.147863 0.508741 -0.0860354 0.536886 -0.121484 -0.116479 0.0984997 -0.176719
0.957113 0.757692 -0.483075 1.12593 0.621422 -0.15527 0.478703 0.11237 0.522623 -0.0757302 -0.187855 0.108524 -0.327805
1.01041 0.737833 -0.152583 1.17699 0.613271 -0.16127 0.453733 -0.0486879 0.507681 -0.0536422 -0.18442 0.0961983 0.00868703
1.04512 0.725884 -0.026381 1.22667 0.605121 -0.164133 0.410135 0.199936 0.493588 -0.0228768 -0.198839 0.0894762 0.137752
1.03355 0.726612 -0.420267 1.27436 0.597184 -0.166275 0.391286 0.349974 0.478137 -0.0394428 -0.25891 0.0877869 -0.253992
1.07848 0.711609 0.0403386 1.3205 0.58941 -0.166855 0.353148 0.360103 0.463026 0.0307653 -0.258951 0.0803074 0.207193
1.10818 0.706546 0.112078 1.36544 0.581901 -0.163944 0.325443 0.453769 0.447744 0.0228768 -0.274152 0.0809863 0.276022
1.10364 0.704084 -0.0436245 1.4082 0.574874 -0.1614 0.303847 0.64105 0.427878 0.022088 -0.32137 0.0785868 0.117775
1.13708 0.704384 0.522728 1.44967 0.568191 -0.156312 0.290514 0.0210206 0.414804 0.0796744 -0.329977 0.0858702 0.67904
1.13388 0.701042 0.297627 1.49022 0.561988 -0.14571 0.2657 0.44459 0.404277 0.101762 -0.372757 0.0858422 0.443337
1.15984 0.705005 0.533504 1.52893 0.556511 -0.134019 0.243768 0.141818 0.381865 0.112806 -0.38562 0.0978456 0.667523
1.18976 0.723957 0.670559 1.56546 0.551763 -0.12344 0.242059 0.196194 0.363527 0.0907184 -0.394041 0.124626 0.793999
1.18335 0.714503 0.610241 1.6003 0.547618 -0.112104 0.219351 0.0428794 0.348076 0.115173 -0.432995 0.119194 0.722345
1.2081 0.728194 0.605354 1.63341 0.544034 -0.101703 0.213963 0.0353714 0.327191 0.13805 -0.441812 0.140027 0.707058
1.24278 0.762118 0.635594 1.66424 0.541055 -0.0900124 0.180901 0.352702 0.302232 0.119906 -0.439628 0.182282 0.725606
1.23698 0.744568 0.577707 1.69314 0.53859 -0.0787002 0.191205 0.0177052 0.282875 0.0993958 -0.470945 0.169477 0.656408
1.27271 0.763884 0.534737 1.71997 0.536605 -0.0678021 0.18895 0.0041726 0.265047 0.112806 -0.461633 0.196454 0.602539
1.31498 0.794838 0.406759 1.74482 0.535048 -0.0560521 0.16533 0.113743 0.242295 0.114384 -0.443717 0.235301 0.462811
1.31175 0.784547 0.453726 1.76775 0.533875 -0.0450358 0.175745 -0.00375348 0.224127 0.105707 -0.466819 0.229889 0.498762
1.3594 0.806455 -0.00548182 1.78861 0.533041 -0.0336526 0.171741 0.0915578 0.202054 0.11044 -0.438166 0.258818 0.0281708
1.4048 0.818304 -0.0532268 1.80772 0.532479 -0.024139 0.174008 0.0155111 0.186263 0.0907184 -0.409704 0.276017 -0.0290878
1.39732 0.822508 0.219524 1.82555 0.532115 -0.0177492 0.184383 -0.000759461 0.176585 0.0425982 -0.433319 0.282747 0.237273
1.45059 0.826929 -0.0554699 1.84338 0.531815 -0.0161281 0.192967 -0.0658876 0.182697 0.0157771 -0.397508 0.288741 -0.0393418
1.50571 0.838329 0.0265311 1.8619 0.531515 -0.0179267 0.190059 -0.129223 0.186093 -0.0441759 -0.361631 0.30038 0.0444578
1.49525 0.845821 0.0153506 1.88095 0.531105 -0.027748 0.223497 -0.0164853 0.189659 -0.117539 -0.394283 0.303894 0.0430986
1.55728 0.842208 0.0196957 1.90059 0.530451 -0.0398293 0.20334 -0.155781 0.201544 -0.117539 -0.355456 0.29784 0.059525
1.60858 0.84261 -0.016039 1.92097 0.529528 -0.0527981 0.205487 -0.137759 0.205789 -0.145149 -0.328481 0.296159 0.0367591
1.59676 0.853602 -0.147998 1.93936 0.528446 -0.0658024 0.20623 0.182198 0.205619 -0.139627 -0.36324 0.301925 -0.0821953
1.65361 0.842087 -0.0450072 1.96185 0.526825 -0.0778245 0.197911 -0.0477517 0.206808 -0.0836187 -0.331813 0.290343 0.0328173
1.64143 0.852607 -0.156707 1.98188 0.525222 -0.0825103 0.178684 0.370387 0.197639 -0.048909 -0.366267 0.298213 -0.0741966
1.6813 0.850577 -0.0813428 2.00155 0.523565 -0.0842971 0.161372 0.502512 0.196281 0.011044 -0.346645 0.298886 0.00295434
1.72639 0.854671 0.353368 2.02112 0.521963 -0.0771501 0.143346 0.468704 0.198658 0.0867741 -0.319489 0.309003 0.430518
1.71739 0.849468 0.0806315 2.04088 0.520574 -0.0601936 0.152255 0.652133 0.197979 0.18617 -0.342683 0.308839 0.140825
1.75294 0.851226 0.293093 2.06051 0.519591 -0.035037 0.154448 0.627122 0.197469 0.278466 -0.319003 0.320657 0.32813
1.79527 0.867782 0.605562 2.07986 0.519193 -0.00153827 0.129277 0.629293 0.195092 0.357352 -0.285125 0.348151 0.6071
1.78913 0.859311 0.495375 2.09886 0.51951 0.0398293 0.149236 0.590677 0.185414 0.402316 -0.295957 0.351864 0.455546
1.82426 0.873413 0.661107 2.11632 0.52054 0.083741 0.147238 0.464404 0.179981 0.457536 -0.261523 0.376066 0.577366
1.84516 0.890148 0.827369 2.13278 0.522275 0.132682 0.162014 0.493233 0.165378 0.467002 -0.236426 0.40269 0.694687
1.85704 0.893047 0.751527 2.14849 0.524726 0.18148 0.151538 0.352847 0.158926 0.490668 -0.220188 0.414875 0.570047
1.8779 0.919666 0.824547 2.16432 0.527985 0.228066 0.18539 0.342174 0.159266 0.467003 -0.19045 0.446298 0.596481
1.9128 0.94858 0.796352 2.18039 0.53203 0.26799 0.208251 0.295151 0.166058 0.414938 -0.147738 0.472537 0.528362
1.91689 0.940297 0.730108 2.19779 0.537142 0.306802 0.226932 0.186543 0.184056 0.394428 -0.146028 0.469165 0.423307
1.95747 0.982509 0.559098 2.21624 0.543311 0.340667 0.24125 0.116876 0.195771 0.327375 -0.0971559 0.500417 0.218431
1.98878 1.00345 0.219583 2.23523 0.55034 0.37051 0.251836 0.270344 0.205959 0.298976 -0.0656543 0.511595 -0.150927
1.98219 0.99311 0.554958 2.25537 0.558452 0.397015 0.30827 0.0876719 0.224297 0.2548 -0.0838636 0.50648 0.157942
2.03162 1.02281 0.188058 2.27711 0.567861 0.422278 0.293235 0.104241 0.243653 0.264267 -0.0374763 0.515596 -0.23422
2.0759 1.03926 0.173922 2.30019 0.578574 0.448772 0.305137 0.0789375 0.258595 0.245334 -0.00220243 0.512379 -0.27485
2.06823 1.04607 0.325821 2.32448 0.59058 0.47129 0.339712 0.0964832 0.278121 0.228768 -0.0215054 0.522184 -0.145469
2.12063 1.0563 0.190853 2.34983 0.603797 0.491595 0.32929 0.0317608 0.291874 0.196425 0.0115361 0.507105 -0.300742
2.11352 1.06668 0.192534 2.37618 0.618191 0.508954 0.350118 0.130153 0.305118 0.168026 -0.0108385 0.51963 -0.31642
2.15596 1.08037 0.092838 2.40336 0.633594 0.523201 0.340636 0.235445 0.318871 0.138839 0.00892714 0.510624 -0.430363
2.20065 1.08464 0.104059 2.43166 0.650161 0.538974 0.361119 0.185359 0.331266 0.19327 0.0247462 0.491453 -0.434915
2.19445 1.08912 0.0555769 2.46032 0.667664 0.559279 0.336191 0.386892 0.343831 0.196425 -0.00174774 0.498301 -0.503702
2.22805 1.09496 0.0971011 2.49009 0.68668 0.581288 0.330581 0.495875 0.353339 0.253223 0.00519074 0.485109 -0.484187
2.27032 1.09957 0.384438 2.51948 0.706563 0.612799 0.308649 0.12516 0.350792 0.331319 0.0222108 0.464806 -0.228361
2.25938 1.10108 0.189584 2.54804 0.727354 0.648309 0.324839 0.566416 0.353679 0.333686 -0.00442331 0.472204 -0.458725
2.29144 1.10916 0.329271 2.5755 0.748801 0.682175 0.319483 0.596392 0.351302 0.358929 0.00671408 0.458809 -0.352904
2.32754 1.12696 0.700524 2.60226 0.771365 0.724619 0.302955 0.495069 0.351132 0.471736 0.0300127 0.448344 -0.0240948
2.32523 1.12082 0.525604 2.62716 0.794375 0.772483 0.300899 0.649902 0.333474 0.484357 0.0115977 0.444518 -0.246879
2.36093 1.14452 0.825651 2.65002 0.817645 0.822843 0.289162 0.443574 0.329398 0.547466 0.0430008 0.434246 0.00280717
2.38638 1.16603 1.02143 2.67096 0.841371 0.87789 0.303249 0.268368 0.307325 0.530111 0.0679999 0.42634 0.143537
2.38534 1.15746 0.96971 2.69002 0.865428 0.927457 0.298816 0.241767 0.305118 0.469369 0.0508836 0.418953 0.0422521
2.40226 1.18768 1.00385 2.70789 0.890232 0.968316 0.339553 0.17216 0.30325 0.381806 0.071879 0.420376 0.0355346
2.42567 1.22185 0.939253 2.72493 0.915836 1.00139 0.354042 0.159724 0.308005 0.326586 0.0963895 0.417018 -0.0621358
2.42894 1.20972 1.08212 2.74192 0.943143 1.02979 0.371478 -0.0785719 0.330417 0.287143 0.067321 0.405563 0.05233
2.45154 1.2567 0.933951 2.75862 0.971683 1.05356 0.383282 0.0600574 0.329738 0.217724 0.0958845 0.40785 -0.119609
2.4776 1.29385 0.776627 2.77485 1.00072 1.06998 0.379233 0.118087 0.335171 0.149883 0.114412 0.401487 -0.293357
2.47057 1.27547 0.936019 2.79165 1.03199 1.08677 0.431202 -0.131672 0.358773 0.177492 0.0661004 0.3975 -0.150755
2.50153 1.32809 0.732862 2.80874 1.06507 1.10193 0.419079 0.0722679 0.37745 0.127006 0.0958129 0.392905 -0.369071
2.49748 1.31161 0.847178 2.82597 1.09952 1.11336 0.462588 -0.184792 0.395278 0.104129 0.0452097 0.388389 -0.266185
2.52918 1.34772 0.752385 2.84348 1.13555 1.12327 0.462444 -0.215322 0.401391 0.0646862 0.0552662 0.375164 -0.370882
2.56888 1.38066 0.351454 2.86109 1.17246 1.12734 0.426529 -0.119789 0.416163 0.0354985 0.0626841 0.353279 -0.775883
2.56382 1.38181 0.638722 2.87891 1.20995 1.12494 0.449854 -0.297564 0.419728 -0.0457536 0.0191819 0.358395 -0.486214
2.60013 1.41201 0.509878 2.89689 1.24717 1.11359 0.429272 -0.32448 0.422954 -0.155405 0.0169058 0.339046 -0.60371
2.64301 1.43007 0.322003 2.91577 1.28482 1.09544 0.419539 -0.28379 0.417691 -0.205102 0.00432092 0.308995 -0.773433
2.63655 1.43681 0.371586 2.93547 1.32202 1.06835 0.406824 -0.318232 0.417861 -0.286355 -0.0433467 0.317256 -0.696765
2.67196 1.45625 0.250642 2.95592 1.35815 1.0398 0.38868 -0.194948 0.415653 -0.306076 -0.059207 0.294537 -0.789156
2.71705 1.46519 0.380038 2.97695 1.3929 1.01144 0.366806 -0.342012 0.403938 -0.251645 -0.0766481 0.258645 -0.631398
2.70658 1.47074 0.181911 2.99832 1.42621 0.98674 0.338966 -0.0220381 0.387298 -0.262689 -0.123726 0.267934 -0.804829
2.75114 1.47859 0.581107 3.01981 1.45794 0.962849 0.322479 -0.34317 0.382714 -0.187748 -0.136514 0.232325 -0.381742
2.77979 1.49459 0.678677 3.04126 1.48816 0.94174 0.30344 -0.0200196 0.362678 -0.230346 -0.148646 0.215212 -0.263063
2.77262 1.49253 0.272636 3.06224 1.51645 0.921577 0.271481 0.274107 0.347227 -0.190114 -0.194141 0.216235 -0.648941
2.80927 1.50816 0.839621 3.08304 1.54342 0.905626 0.257236 0.075028 0.340095 -0.131739 -0.196704 0.193643 -0.066005
2.83738 1.52383 1.07127 3.10387 1.56974 0.896467 0.254468 -0.0575445 0.327021 -0.0962404 -0.202254 0.179502 0.174805
2.83471 1.51736 0.717458 3.12367 1.59432 0.887971 0.24229 0.165239 0.310891 -0.0970292 -0.242042 0.175609 -0.170514
2.86404 1.54404 1.1501 3.14252 1.61732 0.879712 0.239223 -0.0850122 0.294251 -0.0591642 -0.23396 0.167875 0.270385
2.88598 1.56475 1.1735 3.1605 1.63897 0.874943 0.245195 -0.116466 0.274216 -0.0623196 -0.232942 0.163127 0.298553
2.88717 1.55944 1.07095 3.17748 1.65919 0.86879 0.235375 -0.225676 0.257916 -0.0686304 -0.263631 0.157254 0.20216
2.90506 1.58825 1.13478 3.19398 1.67854 0.858318 0.256602 -0.16091 0.254859 -0.128583 -0.2572 0.159615 0.276464
2.90965 1.5892 1.08122 3.21076 1.6977 0.84277 0.264654 -0.33182 0.259783 -0.16566 -0.281361 0.152582 0.238449
2.93217 1.62351 1.02204 3.22794 1.71667 0.823589 0.28673 -0.33909 0.255199 -0.19958 -0.269344 0.153666 0.198454
2.95866 1.6708 0.970428 3.2461 1.73583 0.798278 0.306291 -0.181094 0.272008 -0.255589 -0.247184 0.160465 0.172149
2.95705 1.66127 0.925568 3.26575 1.75549 0.770933 0.333152 -0.329163 0.283385 -0.278466 -0.287078 0.147522 0.154636
2.98665 1.70113 0.824186 3.28711 1.77573 0.744143 0.364605 -0.279729 0.299345 -0.272155 -0.271563 0.148632 0.0800425
3.02758 1.75251 0.690362 3.31057 1.79684 0.718537 0.362972 -0.284475 0.320569 -0.263478 -0.242207 0.152915 -0.0281749
3.02225 1.74205 0.726686 3.33573 1.81832 0.691866 0.409848 -0.257787 0.342642 -0.285566 -0.290048 0.141263 0.0348202
3.065 1.78216 0.639608 3.36339 1.84071 0.666413 0.420239 -0.210935 0.361489 -0.264267 -0.270739 0.138442 -0.0268051
3.11262 1.82213 0.383906 3.3931 1.8635 0.63973 0.414667 -0.166269 0.3856 -0.278466 -0.249718 0.134254 -0.255825
3.11135 1.81968 0.543452 3.42495 1.88663 0.614846 0.432443 -0.137646 0.397146 -0.227979 -0.294795 0.126204 -0.0713942
3.15746 1.85196 0.33566 3.45845 1.90977 0.592423 0.432869 -0.116405 0.414974 -0.217724 -0.281979 0.120111 -0.256763
3.20861 1.87542 0.33157 3.49344 1.93288 0.573892 0.432601 -0.0589158 0.420917 -0.152249 -0.270401 0.106382 -0.242323
3.2041 1.88147 0.32832 3.52932 1.95577 0.562048 0.419835 0.166704 0.432972 -0.0962404 -0.314784 0.110443 -0.233728
3.25489 1.89773 0.34906 3.5657 1.97856 0.557847 0.412681 0.0540264 0.430256 0.00315544 -0.306479 0.0959583 -0.208787
3.30119 1.91877 0.709931 3.6015 2.00094 0.560237 0.372677 0.0386816 0.41803 0.0268211 -0.298064 0.0899757 0.149694
3.28791 1.92016 0.353075 3.63607 2.02272 0.564698 0.357717 0.39407 0.401051 0.0315542 -0.348996 0.0996841 -0.211623
3.34027 1.94027 0.795534 3.66933 2.04392 0.572342 0.324733 0.26457 0.393071 0.100185 -0.332753 0.0910942 0.223191
3.37686 1.95907 0.860413 3.70175 2.06506 0.585299 0.297528 0.293456 0.380846 0.142783 -0.329369 0.0911353 0.275114
3.36631 1.95499 0.664294 3.73226 2.08556 0.599227 0.311034 0.370842 0.358773 0.127006 -0.375833 0.0985799 0.0650671
3.40843 1.98303 1.00981 3.76132 2.10571 0.615828 0.257353 0.264139 0.347566 0.182226 -0.358925 0.103702 0.393981
3.4031 1.97966 0.819606 3.7836 2.1217 0.631755 0.291901 0.345159 0.340775 0.216935 -0.390943 0.11009 0.187851
3.43918 2.01095 0.968846 3.81475 2.14504 0.65748 0.266378 0.225083 0.31989 0.228768 -0.379222 0.123387 0.311367
3.46629 2.04561 1.14524 3.83895 2.16414 0.681784 0.258399 0.165992 0.305797 0.248489 -0.364052 0.142811 0.463451
3.47068 2.04609 1.07931 3.86119 2.1826 0.706491 0.237408 0.0804578 0.280668 0.232712 -0.385659 0.149678 0.372824
3.49745 2.08232 1.12341 3.88168 2.20046 0.72947 0.238475 -0.0339298 0.270311 0.233501 -0.365193 0.168005 0.393938
3.52115 2.12632 0.939031 3.90119 2.2182 0.746675 0.273874 0.159836 0.263519 0.154616 -0.341337 0.190689 0.192355
3.52051 2.11852 1.07532 3.92067 2.23644 0.760224 0.265382 -0.120667 0.272348 0.157771 -0.371248 0.190289 0.315095
3.54279 2.15563 0.954027 3.94034 2.25537 0.772258 0.288423 -0.144988 0.272518 0.0844075 -0.354373 0.205939 0.181769
3.57859 2.20178 0.649832 3.95985 2.27447 0.77563 0.274098 -0.112513 0.275065 0.00631088 -0.323113 0.215051 -0.125798
3.56817 2.19365 0.800465 3.97941 2.29357 0.769548 0.30985 -0.229455 0.274555 -0.0907184 -0.364893 0.214379 0.0309168
3.61147 2.24163 0.626555 3.99958 2.3129 0.757834 0.28607 -0.19061 0.283894 -0.121484 -0.330885 0.215003 -0.131279
3.65117 2.26728 0.526565 4.02041 2.33238 0.742688 0.284069 -0.204239 0.286271 -0.176704 -0.316029 0.201747 -0.216122
3.64007 2.26681 0.504756 4.03945 2.34959 0.724572 0.302795 -0.205456 0.283045 -0.205891 -0.353916 0.202736 -0.219816
3.68874 2.28794 0.420939 4.06353 2.37049 0.702953 0.295874 -0.171041 0.298157 -0.195636 -0.339307 0.179312 -0.282015
3.72737 2.31134 0.295401 4.08661 2.38969 0.683879 0.302291 -0.0910033 0.29544 -0.173548 -0.327962 0.166234 -0.388478
3.72693 2.31881 0.244443 4.10964 2.40819 0.669573 0.274179 0.100481 0.297987 -0.119117 -0.355553 0.167446 -0.42513
3.75925 2.32789 0.242515 4.13318 2.42668 0.662745 0.294663 0.0366311 0.302571 -0.0347097 -0.355558 0.15219 -0.42023
3.80269 2.34432 0.197482 4.1567 2.44503 0.663893 0.26799 0.0758924 0.2951 0.0141994 -0.340879 0.138812 -0.466411
3.79834 2.346 0.201082 4.17938 2.46284 0.667431 0.23415 0.379109 0.285422 0.0449648 -0.371591 0.144086 -0.466349
3.84778 2.35777 0.663126 4.2012 2.48011 0.673915 0.216426 0.0282532 0.276763 0.093085 -0.352511 0.124958 -0.0107896
3.83278 2.35691 0.293713 4.22215 2.49704 0.686825 0.212369 0.445307 0.266235 0.132528 -0.389936 0.138535 -0.393112
3.87127 2.37015 0.448157 4.24184 2.51339 0.702326 0.205657 0.447552 0.25435 0.168815 -0.375403 0.130043 -0.254169
3.92111 2.39039 0.804587 4.26092 2.52987 0.726169 0.178595 0.309476 0.250615 0.252434 -0.3467 0.121345 0.0784177
3.91178 2.38806 0.652157 4.27857 2.54592 0.752332 0.193027 0.43156 0.233805 0.253223 -0.375668 0.135395 -0.100174
3.95123 2.41176 0.890147 4.29464 2.56134 0.78092 0.184738 0.294594 0.222429 0.304498 -0.349213 0.135504 0.109227
3.98701 2.44681 1.10991 4.30932 2.57631 0.813401 0.170598 0.149595 0.20545 0.329742 -0.315538 0.145234 0.296509
3.9847 2.44075 1.08303 4.32261 2.59075 0.842427 0.171128 0.0549761 0.192715 0.267422 -0.336876 0.152319 0.240603
4.00912 2.47784 1.0446 4.33517 2.60512 0.864246 0.173647 0.0136996 0.189149 0.201947 -0.308488 0.165355 0.180355
4.03078 2.51448 1.10512 4.3474 2.61966 0.878008 0.201493 -0.0231716 0.187961 0.114384 -0.28316 0.176446 0.227107
