0.050939 0.810812 0.576419 0.000412597 0.8 0.00132528 0.0684044 -0.526089 0 0 0.0505407 0.0107452 0.575094
0.050939 0.810812 0.576419 0.000412597 0.8 0.00132528 0.0738724 -0.571259 0 0 0.0505407 0.0107452 0.575094
0.0714856 0.834673 0.565976 0.000402409 0.8 -0.00168026 0.0880978 -0.0532946 0 0 0.0710248 0.0347916 0.567656
0.0690499 0.820261 0.43443 0.000965254 0.799996 -0.0115133 0.0988503 -0.686029 0.00305627 -0.16566 0.0678468 0.0210473 0.445944
0.0908354 0.828329 0.271815 0.00278349 0.799966 -0.0236302 0.108899 -0.69292 0.00560317 -0.136472 0.0873572 0.0304354 0.295445
0.118178 0.833553 -0.306383 0.00480461 0.7999 -0.0454972 0.137423 -0.190974 0.0212241 -0.183803 0.111725 0.038774 -0.260886
0.115272 0.834277 0.0539014 0.00737499 0.799749 -0.0731979 0.135377 -0.705376 0.0322607 -0.242968 0.105083 0.042326 0.127099
0.14033 0.836604 -0.195809 0.0118175 0.799361 -0.102555 0.139173 -0.586382 0.0402409 -0.321064 0.124024 0.0502041 -0.0932541
0.169063 0.831798 -0.272627 0.017589 0.798678 -0.134811 0.190417 -0.327493 0.0519567 -0.361296 0.145648 0.0531785 -0.137815
0.165928 0.834566 -0.416068 0.0252441 0.797519 -0.167352 0.166442 -0.398849 0.0618047 -0.407049 0.132548 0.0599627 -0.248717
0.197573 0.823808 -0.327909 0.0349007 0.795734 -0.200578 0.226517 -0.258387 0.0962726 -0.360507 0.153817 0.0599212 -0.127331
0.22528 0.810452 -0.383537 0.0463154 0.793236 -0.232598 0.23393 -0.234406 0.115459 -0.37234 0.170176 0.0580044 -0.150939
0.217473 0.816434 -0.632312 0.0597202 0.789848 -0.264629 0.258827 -0.0257263 0.138721 -0.332108 0.145308 0.0669211 -0.367682
0.253267 0.796569 -0.404945 0.0750785 0.785439 -0.297406 0.256881 -0.170443 0.16436 -0.345519 0.167104 0.0628575 -0.107539
0.279828 0.777132 -0.418837 0.0920986 0.779941 -0.329935 0.262856 -0.0580692 0.181848 -0.336841 0.178514 0.0581635 -0.0889022
0.274907 0.785282 -0.651213 0.110853 0.773208 -0.362381 0.328637 0.258303 0.203752 -0.325008 0.149119 0.0694466 -0.288832
0.30772 0.765965 -0.181622 0.130445 0.765478 -0.391087 0.275066 -0.0835344 0.211562 -0.271366 0.163704 0.0680261 0.209465
0.33747 0.751603 -0.0892569 0.151047 0.756707 -0.41596 0.318106 -0.0973139 0.232447 -0.246912 0.172588 0.0706586 0.326703
0.334884 0.753217 -0.396341 0.173211 0.746616 -0.440501 0.343649 0.497346 0.248237 -0.235079 0.143425 0.0749075 0.0441597
0.367954 0.74086 -0.0229726 0.196478 0.73534 -0.462794 0.349364 0.113187 0.261142 -0.203525 0.150974 0.0814948 0.439821
0.365071 0.741116 -0.147999 0.22017 0.723298 -0.479017 0.340987 0.449557 0.272688 -0.149883 0.120379 0.082598 0.331018
0.396972 0.733449 0.0931427 0.245083 0.710136 -0.492802 0.337592 0.241118 0.284234 -0.126217 0.122786 0.0923968 0.585945
0.437499 0.738396 0.176926 0.269826 0.696748 -0.498056 0.348537 0.156867 0.280498 -0.0283988 0.127407 0.116689 0.674982
0.432052 0.731751 0.256489 0.295518 0.682784 -0.497452 0.349005 0.163563 0.300534 0.0141994 0.0966201 0.108184 0.753941
0.470397 0.736421 0.330182 0.322817 0.667972 -0.496541 0.368233 0.0636327 0.316155 0.00946626 0.0971489 0.130488 0.826724
0.520037 0.760924 0.263441 0.351453 0.652508 -0.493181 0.376905 0.15552 0.337549 0.0441759 0.0971671 0.17531 0.756621
0.512706 0.745949 0.336669 0.381842 0.636235 -0.48943 0.399808 0.0387793 0.348246 0.0481202 0.0639215 0.158356 0.826098
0.558988 0.758215 0.293836 0.413828 0.619308 -0.483762 0.423319 0.0313817 0.367602 0.0733636 0.0638956 0.190484 0.777598
0.616167 0.782163 0.0927641 0.447478 0.601752 -0.47768 0.424532 0.318008 0.390524 0.059953 0.0668684 0.237766 0.570444
0.607034 0.770954 0.20933 0.482767 0.583648 -0.468793 0.451734 0.0697558 0.398504 0.114384 0.026233 0.223243 0.678123
0.668491 0.785093 -0.0148812 0.518709 0.565755 -0.453434 0.448429 0.179526 0.412257 0.157771 0.0385641 0.262786 0.438553
0.71928 0.78508 -0.147849 0.556752 0.547552 -0.437377 0.462733 0.203103 0.424652 0.185381 0.0466204 0.28401 0.289528
0.707677 0.787943 0.00655071 0.596427 0.529333 -0.42261 0.502756 0.0908377 0.449782 0.142783 -0.0046044 0.281486 0.42916
0.767203 0.783314 -0.191709 0.638489 0.510809 -0.405452 0.500545 0.194225 0.463535 0.187748 0.0107927 0.30118 0.213743
0.822818 0.778405 -0.277814 0.682653 0.492272 -0.388058 0.517773 0.206646 0.485778 0.166449 0.0214729 0.317895 0.110244
0.81443 0.786918 -0.198068 0.729057 0.473679 -0.371208 0.535171 0.152802 0.513963 0.188536 -0.0340667 0.322873 0.17314
0.874415 0.773727 -0.326814 0.777348 0.455344 -0.352914 0.533158 0.165244 0.515661 0.163293 -0.0189602 0.332311 0.0261006
0.924173 0.760376 -0.34348 0.827407 0.437359 -0.335555 0.538711 0.166951 0.529754 0.160927 -0.0149981 0.336866 -0.00792436
0.914238 0.770839 -0.421149 0.877979 0.420141 -0.319297 0.523835 0.258787 0.535357 0.161715 -0.0756582 0.344354 -0.101852
0.972614 0.744013 -0.324582 0.929297 0.403636 -0.300104 0.516988 0.215609 0.538244 0.224035 -0.0592413 0.337969 -0.0244782
0.957113 0.757692 -0.483075 0.979615 0.38861 -0.277444 0.489248 0.376194 0.522623 0.233501 -0.122732 0.348804 -0.205631
0.996738 0.742311 -0.487996 1.02925 0.374999 -0.254749 0.461747 0.471342 0.515152 0.255589 -0.124031 0.347264 -0.233247
1.04512 0.725884 -0.026381 1.07849 0.362851 -0.226149 0.422738 0.447674 0.501229 0.287143 -0.113915 0.346309 0.199768
1.03355 0.726612 -0.420267 1.12649 0.352487 -0.19594 0.401708 0.609493 0.477798 0.307654 -0.164003 0.348872 -0.224327
1.06931 0.713085 -0.284874 1.17293 0.343919 -0.164902 0.373635 0.738069 0.465063 0.319487 -0.162818 0.347148 -0.119971
1.10818 0.706546 0.112078 1.21836 0.337059 -0.130504 0.343807 0.675762 0.449272 0.35183 -0.157331 0.352005 0.242583
1.10364 0.704084 -0.0436245 1.26276 0.331994 -0.0927103 0.334333 0.875177 0.44333 0.38575 -0.19288 0.355761 0.0490857
1.13388 0.701042 0.297627 1.30557 0.328749 -0.0532478 0.313262 0.651387 0.428388 0.433082 -0.191261 0.362628 0.350875
1.16377 0.709809 0.616336 1.34777 0.327363 -0.00730086 0.329076 0.138475 0.415484 0.459903 -0.186785 0.381092 0.623637
1.15984 0.705005 0.533504 1.388 0.327874 0.0374746 0.29194 0.291372 0.391373 0.418882 -0.21387 0.385414 0.496029
1.18976 0.723957 0.670559 1.42653 0.330051 0.0799781 0.306305 0.35779 0.380676 0.430715 -0.204543 0.411563 0.590581
1.21567 0.742636 0.699283 1.46295 0.333657 0.121985 0.293859 0.351325 0.359961 0.41336 -0.195679 0.43603 0.577299
1.2081 0.728194 0.605354 1.49721 0.338515 0.164524 0.29154 0.159915 0.338567 0.422827 -0.221377 0.431767 0.440831
1.24278 0.762118 0.635594 1.5294 0.344461 0.203655 0.268378 0.436686 0.324135 0.358929 -0.196233 0.466996 0.431939
1.27628 0.78 0.687636 1.56105 0.351499 0.237686 0.272807 0.391689 0.316494 0.329742 -0.175871 0.483504 0.44995
1.27271 0.763884 0.534737 1.59061 0.359123 0.270913 0.298669 0.0746232 0.297817 0.323431 -0.197986 0.475071 0.263824
1.31498 0.794838 0.406759 1.61842 0.367289 0.302222 0.27624 0.150218 0.290855 0.294243 -0.162436 0.498489 0.104536
1.3594 0.806455 -0.00548182 1.64586 0.376158 0.324137 0.289758 0.0693494 0.287799 0.202736 -0.13449 0.499122 -0.329619
1.35323 0.804783 0.341311 1.67257 0.385369 0.34004 0.317001 -0.0828526 0.280158 0.116751 -0.161165 0.501905 0.00127089
1.4048 0.818304 -0.0532268 1.69936 0.394977 0.348098 0.305239 -0.11578 0.287969 0.0567976 -0.132495 0.498416 -0.401325
1.39732 0.822508 0.219524 1.72669 0.404933 0.349459 0.338821 -0.153691 0.293233 -0.0197214 -0.166494 0.505111 -0.129935
1.4446 0.835919 0.116511 1.75465 0.415053 0.344288 0.349234 -0.119039 0.302571 -0.0441759 -0.149803 0.500819 -0.227777
1.50571 0.838329 0.0265311 1.78456 0.425691 0.33881 0.343026 -0.231833 0.322946 -0.0520645 -0.125852 0.481861 -0.312278
1.49525 0.845821 0.0153506 1.81564 0.436517 0.32984 0.374607 -0.102035 0.333983 -0.0954515 -0.170554 0.491013 -0.31449
1.54686 0.851435 -0.0747235 1.84779 0.447303 0.315487 0.367099 -0.0409161 0.345699 -0.143572 -0.160682 0.477559 -0.39021
1.60858 0.84261 -0.016039 1.8814 0.458039 0.303181 0.348133 -0.190603 0.356396 -0.0812521 -0.145558 0.448483 -0.31922
1.59676 0.853602 -0.147998 1.91558 0.468578 0.292744 0.345815 0.0842886 0.355377 -0.136472 -0.194141 0.460647 -0.440742
1.64143 0.852607 -0.156707 1.9496 0.478585 0.279432 0.321615 0.246695 0.358094 -0.0828298 -0.193052 0.444509 -0.436139
1.69103 0.848399 0.0946264 1.98371 0.488284 0.275504 0.307102 -0.00509539 0.354528 -0.0141994 -0.183673 0.426151 -0.180877
1.6813 0.850577 -0.0813428 2.01739 0.497845 0.278509 0.287776 0.40086 0.341114 0.0149883 -0.226163 0.431538 -0.359852
1.72639 0.854671 0.353368 2.04959 0.507107 0.283598 0.272819 0.358679 0.33619 0.0851965 -0.21303 0.424114 0.0697708
1.76281 0.856799 0.466107 2.08133 0.516543 0.296081 0.258335 0.424773 0.327701 0.146727 -0.205382 0.418386 0.170026
1.75294 0.851226 0.293093 2.11148 0.525956 0.311275 0.262499 0.454236 0.314966 0.166449 -0.241693 0.419451 -0.0181814
1.79527 0.867782 0.605562 2.14081 0.535676 0.332112 0.235639 0.452719 0.308005 0.239812 -0.21838 0.426619 0.27345
1.82544 0.881425 0.796935 2.16877 0.545664 0.357742 0.249784 0.346722 0.297987 0.294243 -0.20402 0.434723 0.439193
1.82426 0.873413 0.661107 2.19473 0.555716 0.384117 0.23665 0.248608 0.273876 0.257956 -0.224417 0.433376 0.276989
1.84516 0.890148 0.827369 2.21884 0.565801 0.411475 0.254111 0.280431 0.254859 0.265844 -0.21276 0.44673 0.415894
1.8779 0.919666 0.824547 2.24162 0.576081 0.439116 0.266873 0.176512 0.256048 0.293454 -0.183149 0.465624 0.38543
1.88731 0.915564 0.770221 2.26451 0.587159 0.464273 0.258585 0.0438277 0.255369 0.230346 -0.190221 0.462543 0.305948
1.9128 0.94858 0.796352 2.28725 0.59882 0.484271 0.288826 0.0815346 0.25452 0.191692 -0.168553 0.483869 0.312081
1.91689 0.940297 0.730108 2.31072 0.611319 0.495311 0.297922 -0.059248 0.269631 0.11044 -0.19014 0.476633 0.234798
1.94703 0.965972 0.65063 2.33516 0.624684 0.505357 0.329484 -0.0562774 0.281856 0.0867741 -0.174391 0.48653 0.145273
1.98878 1.00345 0.219583 2.36018 0.638574 0.508031 0.310212 0.0549219 0.294082 0.0236656 -0.146998 0.499462 -0.288448
1.98219 0.99311 0.554958 2.38648 0.65325 0.51061 0.355781 -0.0859442 0.302741 0.02761 -0.186624 0.494089 0.0443473
2.02367 1.02072 0.447842 2.41403 0.668785 0.516787 0.365303 -0.0382294 0.318192 0.0536422 -0.165496 0.498849 -0.0689449
2.0759 1.03926 0.173922 2.44279 0.685211 0.521153 0.343875 -0.0493731 0.338907 0.0473314 -0.141907 0.489716 -0.347231
2.06823 1.04607 0.325821 2.47281 0.702505 0.523118 0.367291 -0.0571275 0.346038 -0.0141994 -0.178839 0.499746 -0.197297
2.11352 1.06668 0.192534 2.50324 0.719975 0.519118 0.361863 0.0248899 0.353849 -0.0347097 -0.166369 0.494373 -0.326584
2.16076 1.07264 0.103413 2.53486 0.737988 0.517473 0.364223 0.0069773 0.368281 0.000788811 -0.159568 0.475898 -0.41406
2.15596 1.08037 0.092838 2.56636 0.755954 0.518751 0.339552 0.174194 0.368281 0.0149883 -0.195569 0.485213 -0.425913
2.20065 1.08464 0.104059 2.598 0.774045 0.521923 0.345665 0.124789 0.364036 0.0662639 -0.189597 0.467344 -0.417864
2.24049 1.09355 0.305664 2.62875 0.791875 0.530407 0.311891 0.0555791 0.354528 0.0962404 -0.182295 0.456637 -0.224743
2.22805 1.09496 0.0971011 2.65823 0.809359 0.541683 0.272448 0.409879 0.333134 0.105707 -0.221339 0.466506 -0.444582
2.27032 1.09957 0.384438 2.68615 0.826377 0.555362 0.253374 0.0401238 0.32838 0.170393 -0.209298 0.451382 -0.170924
2.29383 1.1151 0.541732 2.71285 0.843238 0.573289 0.234529 0.424356 0.309872 0.175915 -0.204572 0.455668 -0.0315573
2.29144 1.10916 0.329271 2.73741 0.859378 0.591322 0.225512 0.517224 0.291535 0.180648 -0.230998 0.455981 -0.262052
2.32754 1.12696 0.700524 2.76088 0.875459 0.613426 0.209733 0.394618 0.284913 0.250856 -0.209552 0.455106 0.0870984
2.36093 1.14452 0.825651 2.78317 0.891544 0.63986 0.202467 0.302765 0.267933 0.2619 -0.187673 0.455047 0.18579
2.35765 1.13732 0.761339 2.80339 0.906975 0.667017 0.199234 0.402876 0.249596 0.266633 -0.207708 0.456738 0.0943224
2.38638 1.16603 1.02143 2.82159 0.921661 0.694043 0.201278 0.170397 0.230239 0.277677 -0.178227 0.466221 0.327384
2.38534 1.15746 0.96971 2.83851 0.936106 0.721164 0.192948 0.172329 0.220731 0.247701 -0.194202 0.465456 0.248546
2.4087 1.18168 1.07689 2.85415 0.950139 0.744344 0.19614 0.0170638 0.203242 0.224824 -0.170776 0.472086 0.332548
2.42567 1.22185 0.939253 2.86884 0.963917 0.763052 0.232765 0.128534 0.199677 0.156193 -0.142025 0.492697 0.176201
2.42894 1.20972 1.08212 2.88366 0.978256 0.775311 0.234536 -0.0935305 0.210204 0.124639 -0.162753 0.483582 0.306807
2.44845 1.24126 1.01903 2.89919 0.993622 0.783973 0.267116 -0.123977 0.218863 0.0638973 -0.144314 0.493623 0.235058
2.4776 1.29385 0.776627 2.91499 1.00943 0.787641 0.267143 0.142218 0.222768 0.0457536 -0.107022 0.510639 -0.0110137
2.47057 1.27547 0.936019 2.93204 1.02658 0.789723 0.306923 -0.118661 0.242634 0.0402317 -0.148139 0.502949 0.146296
2.49748 1.31161 0.847178 2.94983 1.04461 0.795391 0.33428 -0.0989657 0.259274 0.0623196 -0.125973 0.509936 0.0517866
2.53457 1.35153 0.42375 2.96888 1.06415 0.801035 0.31606 -0.017874 0.281007 0.0607419 -0.0959013 0.511873 -0.377286
2.52918 1.34772 0.752385 2.98923 1.08526 0.806656 0.364052 -0.12253 0.298496 0.0599531 -0.128822 0.513743 -0.0542712
2.56888 1.38066 0.351454 3.01057 1.10761 0.81036 0.350982 -0.0240131 0.316494 0.0268211 -0.10659 0.508217 -0.458906
2.60506 1.40687 0.33266 3.03312 1.13139 0.813839 0.364294 -0.0104017 0.332625 0.038654 -0.0936999 0.500345 -0.481179
2.60013 1.41201 0.509878 3.05692 1.15664 0.815933 0.363303 -0.0982053 0.350453 0.0299765 -0.126988 0.50769 -0.306055
2.64301 1.43007 0.322003 3.0815 1.18278 0.814525 0.376334 -0.0768039 0.363866 -0.0449648 -0.121018 0.488658 -0.492522
2.67862 1.45025 0.301644 3.10664 1.20923 0.806479 0.370391 -0.101318 0.371847 -0.0851964 -0.122228 0.475756 -0.504834
2.67196 1.45625 0.250642 3.13242 1.23593 0.797781 0.35129 0.0299104 0.374054 -0.100185 -0.163832 0.483453 -0.54714
2.71705 1.46519 0.380038 3.15839 1.26233 0.789901 0.330524 -0.123005 0.366753 -0.048909 -0.166586 0.45627 -0.409863
2.75114 1.47859 0.581107 3.1835 1.28759 0.786824 0.303955 -0.178258 0.355037 -0.0291876 -0.170039 0.44102 -0.205717
2.74004 1.4823 0.181444 3.20771 1.31178 0.782032 0.275763 0.324663 0.333643 -0.0354985 -0.211636 0.450563 -0.600588
2.77979 1.49459 0.678677 3.2311 1.33493 0.779523 0.254735 0.213689 0.325154 0.00236656 -0.208764 0.430808 -0.100846
2.77262 1.49253 0.272636 3.25416 1.35776 0.78163 0.224965 0.493875 0.314796 0.0378651 -0.246837 0.434872 -0.508994
2.80436 1.50361 0.46279 3.27624 1.37976 0.787653 0.214979 0.498029 0.309872 0.0702082 -0.245143 0.421799 -0.324863
2.83738 1.52383 1.07127 3.2975 1.40131 0.798846 0.20901 0.155424 0.298496 0.143572 -0.233158 0.415162 0.272426
2.83471 1.51736 0.717458 3.31739 1.422 0.812797 0.198858 0.359829 0.277781 0.129372 -0.262577 0.416084 -0.0953397
2.86249 1.53605 0.941337 3.3357 1.44159 0.826949 0.197046 0.103696 0.260632 0.134894 -0.250914 0.412183 0.114387
2.88598 1.56475 1.1735 3.35227 1.45982 0.840948 0.208078 0.0379162 0.242125 0.138839 -0.232701 0.41748 0.332549
2.88717 1.55944 1.07095 3.3675 1.47705 0.85381 0.206477 -0.0821533 0.228202 0.121484 -0.253531 0.416205 0.217141
2.90965 1.5892 1.08122 3.38192 1.49373 0.861123 0.23032 -0.183839 0.221919 0.0528533 -0.235313 0.420462 0.220096
2.92962 1.62927 1.03002 3.39622 1.51037 0.859655 0.247808 -0.067423 0.219203 -0.0323431 -0.214461 0.431112 0.170361
2.93217 1.62351 1.02204 3.41108 1.52748 0.850722 0.275409 -0.266559 0.232616 -0.0978181 -0.243622 0.42335 0.171322
2.95866 1.6708 0.970428 3.42702 1.54549 0.839729 0.291919 -0.095719 0.243483 -0.129372 -0.219416 0.432343 0.130699
2.99515 1.71432 0.812782 3.44409 1.56427 0.825435 0.305115 -0.163807 0.257067 -0.156193 -0.194217 0.43167 -0.0126524
2.98665 1.70113 0.824186 3.46289 1.58437 0.810786 0.355391 -0.20424 0.2788 -0.153038 -0.243467 0.425629 0.0134
3.02758 1.75251 0.690362 3.48331 1.60558 0.79616 0.355401 -0.215509 0.303081 -0.147516 -0.213751 0.42847 -0.105798
3.06827 1.78632 0.436886 3.50537 1.62783 0.781535 0.359338 -0.120905 0.31989 -0.135683 -0.198636 0.420385 -0.344649
3.065 1.78216 0.639608 3.5293 1.65126 0.766803 0.409019 -0.158633 0.346378 -0.145149 -0.243529 0.416421 -0.127195
3.11262 1.82213 0.383906 3.55482 1.67554 0.752639 0.393652 -0.106652 0.361489 -0.142783 -0.222553 0.409264 -0.368733
3.15746 1.85196 0.33566 3.58228 1.70093 0.738487 0.409558 -0.104448 0.384411 -0.143572 -0.212482 0.397665 -0.402827
3.15849 1.85368 0.428994 3.6114 1.72712 0.725104 0.421023 -0.0166779 0.400032 -0.129372 -0.25504 0.395105 -0.29611
3.20861 1.87542 0.33157 3.64189 1.75387 0.715307 0.414858 -0.033655 0.407503 -0.0646861 -0.247365 0.375927 -0.383737
3.2041 1.88147 0.32832 3.67314 1.78088 0.710621 0.39497 0.16754 0.409031 -0.043387 -0.289897 0.3822 -0.382301
3.24691 1.90332 0.287559 3.70452 1.80782 0.709556 0.367444 0.31431 0.412597 0.00473313 -0.284948 0.370585 -0.421997
3.30119 1.91877 0.709931 3.73588 1.83491 0.717413 0.35501 0.0873656 0.411578 0.124639 -0.272419 0.348973 -0.00748161
3.28791 1.92016 0.353075 3.7661 1.86156 0.729459 0.336915 0.432985 0.40207 0.127795 -0.317458 0.362384 -0.376384
3.32757 1.93587 0.496563 3.79488 1.88761 0.744297 0.324155 0.434646 0.389845 0.184592 -0.31105 0.352075 -0.247734
3.37686 1.95907 0.860413 3.82269 1.91369 0.764803 0.285878 0.314248 0.37762 0.233501 -0.29026 0.341433 0.0956098
3.36631 1.95499 0.664294 3.8487 1.93914 0.787061 0.301761 0.394443 0.359961 0.228768 -0.329309 0.352857 -0.122767
3.4031 1.97966 0.819606 3.8728 1.96381 0.80946 0.290423 0.305743 0.337549 0.238234 -0.312559 0.350964 0.0101458
3.44338 2.01323 1.16827 3.89527 1.98789 0.833469 0.259658 0.121701 0.323116 0.256378 -0.285053 0.351561 0.334799
3.43918 2.01095 0.968846 3.91573 2.01093 0.858803 0.265235 0.178147 0.300194 0.239812 -0.311337 0.36079 0.110043
3.46629 2.04561 1.14524 3.9343 2.03293 0.883132 0.263178 0.117284 0.283045 0.256378 -0.287268 0.369695 0.262104
3.48964 2.08023 1.08388 3.95167 2.05452 0.904088 0.28095 0.0862367 0.275574 0.182226 -0.265517 0.378991 0.179796
3.49745 2.08232 1.12341 3.96843 2.07612 0.918465 0.269394 -0.159839 0.272688 0.112017 -0.28098 0.378033 0.204944
3.52115 2.12632 0.939031 3.98524 2.09832 0.926002 0.309467 0.0512775 0.27897 0.0496979 -0.256551 0.38774 0.0130286
3.5485 2.16393 0.787988 4.0022 2.12091 0.926783 0.314822 -0.0940144 0.290007 0.00315538 -0.238006 0.388659 -0.138795
3.54279 2.15563 0.954027 4.02012 2.14471 0.924038 0.337486 -0.24924 0.304269 -0.0173548 -0.278925 0.387503 0.029989
3.57859 2.20178 0.649832 4.03857 2.16905 0.917636 0.314174 -0.217638 0.307835 -0.100185 -0.253536 0.385191 -0.267804
3.61147 2.24163 0.626555 4.05748 2.19345 0.902845 0.314648 -0.254857 0.311061 -0.175126 -0.238422 0.379999 -0.27629
3.60028 2.23168 0.647473 4.07708 2.21782 0.880457 0.348763 -0.320977 0.312759 -0.254011 -0.292939 0.37646 -0.232984
3.65117 2.26728 0.526565 4.09773 2.24224 0.85536 0.322787 -0.274706 0.326682 -0.239812 -0.274023 0.353482 -0.328795
3.64007 2.26681 0.504756 4.11943 2.26665 0.828854 0.334517 -0.29081 0.317853 -0.29661 -0.323796 0.353474 -0.324099
3.68386 2.29626 0.36634 4.14194 2.29064 0.802302 0.331314 -0.180698 0.332794 -0.285566 -0.314354 0.333243 -0.435961
3.72737 2.31134 0.295401 4.16545 2.31435 0.775216 0.331611 -0.151998 0.33602 -0.239023 -0.315018 0.304452 -0.479815
3.72693 2.31881 0.244443 4.18952 2.33753 0.757455 0.294583 0.0560574 0.329908 -0.163293 -0.348976 0.304233 -0.513012
3.76429 2.33431 0.181172 4.21367 2.36008 0.744747 0.266653 0.250128 0.326682 -0.0757301 -0.347881 0.285631 -0.563574
3.80269 2.34432 0.197482 4.23772 2.38209 0.738203 0.270884 0.0338342 0.324814 -0.0512756 -0.347204 0.264817 -0.540721
3.79834 2.346 0.201082 4.26131 2.40353 0.737221 0.230953 0.356062 0.313947 0.0118328 -0.381429 0.26863 -0.536139
3.83278 2.35691 0.293713 4.28365 2.42381 0.738108 0.214523 0.376944 0.300364 0.032343 -0.378539 0.25389 -0.444396
3.88214 2.37552 0.729243 4.30517 2.44347 0.743173 0.200385 0.217964 0.290176 0.0528533 -0.357464 0.236198 -0.0139301
3.87127 2.37015 0.448157 4.32532 2.46211 0.750628 0.191142 0.396693 0.268273 0.0725748 -0.394754 0.242456 -0.30247
3.92111 2.39039 0.804587 4.34406 2.47972 0.75936 0.164262 0.225649 0.25435 0.105707 -0.368259 0.226401 0.0452266
3.95572 2.4169 1.00521 4.3617 2.49664 0.771856 0.157561 0.119034 0.238899 0.136472 -0.346553 0.226009 0.233351
3.95123 2.41176 0.890147 4.37772 2.51241 0.784257 0.172375 0.187659 0.218354 0.119906 -0.373005 0.229981 0.10589
3.98701 2.44681 1.10991 4.39214 2.52696 0.79674 0.155216 0.0356272 0.198488 0.125428 -0.340525 0.233677 0.313169
4.0026 2.47447 1.12165 4.40494 2.5402 0.809425 0.172376 0.0456457 0.179471 0.128583 -0.325155 0.245901 0.312229
4.00912 2.47784 1.0446 4.41678 2.55273 0.818394 0.155886 -0.0363993 0.172 0.065475 -0.333266 0.246426 0.226208
4.03078 2.51448 1.10512 4.42842 2.56521 0.82127 0.182792 -0.0435266 0.170302 0.0197214 -0.308042 0.256511 0.283846
4.06045 2.56394 0.972353 4.43987 2.57751 0.821163 0.193486 -0.00342511 0.169623 -0.00552201 -0.268464 0.268461 0.15119
4.05758 2.54601 1.13066 4.45201 2.59052 0.819388 0.21972 -0.291366 0.181509 -0.016566 -0.301791 0.257832 0.311273
4.08366 2.60375 0.801062 4.4652 2.60462 0.81617 0.238686 0.0714272 0.192885 -0.0378651 -0.261996 0.27737 -0.015108
4.08782 2.58231 1.22941 4.47891 2.61909 0.807449 0.282751 -0.556563 0.203921 -0.0875629 -0.296952 0.25715 0.421966
4.11374 2.62205 1.09233 4.4934 2.63412 0.797841 0.328747 -0.551766 0.210374 -0.108073 -0.273741 0.263357 0.294494
