0.0714856 0.834673 0.565976 -0.100694 0.199988 0.000946626 0.0625247 0.0154841 0 0 0.17278 0.634521 0.565029
0.0714856 0.834673 0.565976 -0.100692 0.199988 0.000934793 0.0764844 0.0179058 0 0 0.17277 0.634523 0.282053
0.0690499 0.820261 0.43443 -0.100034 0.199989 0.000769134 0.0861793 -0.267294 0.0096782 0.0449648 0.169561 0.620142 0.3327
0.0923279 0.833201 -0.251832 -0.0975588 0.199991 0.000721802 0.091107 -0.00860467 0.0191866 0.000788856 0.190344 0.633072 0.186422
0.118178 0.833553 -0.306383 -0.0935398 0.199988 -0.00221274 0.120339 -0.0103206 0.0264877 -0.0378651 0.210315 0.634031 0.090651
0.115272 0.834277 0.0539014 -0.0876846 0.199966 -0.00553777 0.130815 -0.313375 0.0516171 -0.0425982 0.199441 0.635424 -0.00843883
0.141766 0.83595 -0.265144 -0.0801714 0.199911 -0.0103419 0.176402 -0.0586576 0.0743694 -0.0473313 0.215348 0.638301 -0.169859
0.169063 0.831798 -0.272627 -0.0712761 0.199779 -0.019749 0.19103 -0.0915121 0.0889715 -0.0978181 0.227811 0.636642 -0.301863
0.165928 0.834566 -0.416068 -0.0606103 0.199522 -0.0285881 0.180764 -0.123587 0.105951 -0.093085 0.208294 0.641259 -0.325871
0.197573 0.823808 -0.327909 -0.047804 0.199097 -0.0385869 0.225386 -0.0796664 0.13159 -0.10334 0.221094 0.633711 -0.320178
0.22528 0.810452 -0.383537 -0.033127 0.198469 -0.0478165 0.233295 -0.0746778 0.151286 -0.104918 0.228859 0.623634 -0.398436
0.217473 0.816434 -0.632312 -0.0163734 0.197595 -0.0570106 0.256439 0.0367018 0.174547 -0.0962404 0.198205 0.631158 -0.462675
0.253267 0.796569 -0.404945 0.0023617 0.196442 -0.0666189 0.254388 -0.0602696 0.193734 -0.0970292 0.210398 0.615498 -0.479531
0.245389 0.801754 -0.663108 0.0231733 0.194963 -0.0762271 0.293256 0.103471 0.214279 -0.0962404 0.175361 0.621951 -0.51933
0.274907 0.785282 -0.651213 0.0459907 0.193125 -0.0857407 0.309423 0.185201 0.235503 -0.0891406 0.177365 0.609585 -0.574478
0.30772 0.765965 -0.181622 0.070718 0.1909 -0.0941184 0.28985 -0.0602157 0.251803 -0.0812522 0.181909 0.594793 -0.525717
0.305129 0.768569 -0.574168 0.0967013 0.188376 -0.0999401 0.329859 0.27858 0.266575 -0.0567976 0.1495 0.598093 -0.508266
0.334884 0.753217 -0.396341 0.124124 0.185577 -0.102626 0.327779 0.338079 0.276932 -0.00236656 0.151499 0.586245 -0.50386
0.367954 0.74086 -0.0229726 0.151724 0.182786 -0.0968281 0.346765 0.154432 0.278461 0.100974 0.161265 0.576364 -0.38163
0.365071 0.741116 -0.147999 0.180154 0.180172 -0.0849242 0.340141 0.34506 0.292723 0.126217 0.136669 0.574607 -0.292892
0.396972 0.733449 0.0931427 0.210182 0.177794 -0.0706184 0.353068 0.221886 0.300194 0.162504 0.147117 0.56745 -0.252245
0.437499 0.738396 0.176926 0.24124 0.175863 -0.0516622 0.396559 0.162665 0.320739 0.216935 0.166949 0.571917 -0.120982
0.432052 0.731751 0.256489 0.274247 0.174451 -0.0323273 0.40828 0.112712 0.339246 0.181437 0.139709 0.562109 -0.0097507
0.478019 0.749746 0.254139 0.309308 0.173618 -0.0134184 0.427598 0.100966 0.357245 0.200369 0.160966 0.578339 0.0267627
0.520037 0.760924 0.263441 0.346359 0.173449 0.0053721 0.447386 0.0867186 0.376771 0.17907 0.176832 0.586534 0.0902602
0.512706 0.745949 0.336669 0.38562 0.174006 0.0246478 0.498708 0.0421163 0.403598 0.220091 0.141143 0.568638 0.11969
0.566911 0.77191 0.209647 0.42678 0.175378 0.0437696 0.487481 0.14869 0.423124 0.211413 0.166099 0.58983 0.107112
0.616167 0.782163 0.0927641 0.469964 0.177644 0.063211 0.49723 0.205654 0.439424 0.200369 0.184098 0.594077 0.0549257
0.607034 0.770954 0.20933 0.515075 0.18088 0.0821909 0.555743 0.046094 0.463026 0.221668 0.140093 0.580532 0.026984
0.668491 0.785093 -0.0148812 0.562212 0.185178 0.101396 0.539032 0.0761934 0.481024 0.188537 0.166457 0.586076 -0.0478851
0.71928 0.78508 -0.147849 0.610743 0.190542 0.120553 0.552201 0.109031 0.502248 0.212991 0.17925 0.57717 -0.163946
0.707677 0.787943 0.00655071 0.66163 0.197168 0.139545 0.596377 0.0364502 0.521095 0.188536 0.127772 0.578628 -0.223557
0.767203 0.783314 -0.191709 0.714402 0.205058 0.159152 0.5856 0.0891622 0.543168 0.186959 0.143775 0.56258 -0.300059
0.760885 0.789506 -0.0910148 0.769233 0.214355 0.178392 0.615116 0.0460145 0.568127 0.194059 0.0938437 0.567505 -0.379368
0.81443 0.786918 -0.198068 0.825153 0.224909 0.195904 0.601933 0.0786799 0.575598 0.20668 0.0988791 0.553347 -0.433518
0.874415 0.773727 -0.326814 0.882607 0.236741 0.211334 0.603486 0.0473132 0.593087 0.133317 0.104631 0.526758 -0.484741
0.86606 0.780551 -0.31216 0.940746 0.249488 0.220375 0.593363 0.00706751 0.600728 0.0741523 0.0432076 0.534546 -0.557523
0.914238 0.770839 -0.421149 0.999107 0.262718 0.225179 0.571552 0.0307249 0.601237 0.0339207 0.0307265 0.514242 -0.608215
0.972614 0.744013 -0.324582 1.05653 0.275889 0.225901 0.552859 -0.0194757 0.586465 0.0283988 0.0230649 0.475027 -0.65565
0.957113 0.757692 -0.483075 1.11204 0.28867 0.227593 0.508128 0.104604 0.567448 0.0662639 -0.0451075 0.491884 -0.714344
0.996738 0.742311 -0.487996 1.16586 0.301143 0.228042 0.467992 0.122628 0.546734 0.0252434 -0.0650067 0.46798 -0.74703
1.04512 0.725884 -0.026381 1.21778 0.313196 0.228196 0.439941 0.0530995 0.520925 -0.0189325 -0.074817 0.441047 -0.690028
1.03355 0.726612 -0.420267 1.26777 0.32481 0.228776 0.415878 0.187614 0.513964 0.0354986 -0.136994 0.44445 -0.690432
1.07848 0.711609 0.0403386 1.31563 0.33595 0.22848 0.382882 0.0925289 0.482212 -0.0410205 -0.145892 0.419608 -0.617152
1.10818 0.706546 0.112078 1.36157 0.346637 0.228539 0.360536 0.189711 0.466591 0.0220879 -0.165268 0.407958 -0.49818
1.10364 0.704084 -0.0436245 1.40558 0.356881 0.228977 0.339449 0.307093 0.449952 0.0331319 -0.215248 0.406675 -0.409743
1.13708 0.704384 0.522728 1.44754 0.366652 0.228859 0.345061 -0.116665 0.428897 0.00946626 -0.225741 0.399358 -0.299803
1.16377 0.709809 0.616336 1.48757 0.375974 0.228587 0.352006 -0.191901 0.404956 0.0134105 -0.239732 0.398525 -0.0922104
1.15984 0.705005 0.533504 1.52591 0.384891 0.227841 0.309322 -0.106044 0.388996 -0.0276099 -0.284302 0.394527 0.00716809
1.18976 0.723957 0.670559 1.56256 0.393318 0.223676 0.320366 -0.0645247 0.373375 -0.0228768 -0.290171 0.405096 0.123029
1.21567 0.742636 0.699283 1.59764 0.40122 0.219085 0.304633 -0.0637558 0.355377 -0.0386539 -0.298638 0.416271 0.276202
1.2081 0.728194 0.605354 1.63087 0.408555 0.21492 0.295124 -0.174086 0.330078 -0.0552199 -0.344875 0.402449 0.296892
1.24278 0.762118 0.635594 1.66235 0.415355 0.209311 0.263517 0.0170654 0.318192 -0.0631084 -0.338366 0.426376 0.306353
1.23698 0.744568 0.577707 1.69261 0.42166 0.200626 0.28494 -0.200633 0.301213 -0.11044 -0.382143 0.407231 0.323879
1.27271 0.763884 0.534737 1.72145 0.427384 0.188769 0.292191 -0.224971 0.292893 -0.136472 -0.377625 0.414728 0.308571
1.31498 0.794838 0.406759 1.74997 0.432588 0.169529 0.266423 -0.201636 0.290176 -0.202736 -0.367637 0.430447 0.269306
1.31175 0.784547 0.453726 1.77847 0.437167 0.146621 0.294772 -0.258039 0.282366 -0.202736 -0.410956 0.411838 0.261889
1.35323 0.804783 0.341311 1.80633 0.440994 0.124363 0.307361 -0.249041 0.289497 -0.231135 -0.40447 0.417182 0.22529
1.4048 0.818304 -0.0532268 1.83554 0.444321 0.099029 0.302865 -0.262781 0.294591 -0.284777 -0.391651 0.414737 0.124437
1.39732 0.822508 0.219524 1.86599 0.447018 0.0744167 0.323322 -0.224867 0.301213 -0.254011 -0.439461 0.409296 0.0860067
1.4446 0.835919 0.116511 1.89682 0.448951 0.0482306 0.331514 -0.196849 0.313098 -0.263478 -0.433035 0.40832 0.0541433
1.50571 0.838329 0.0265311 1.92896 0.450143 0.0246715 0.334134 -0.216939 0.329568 -0.221668 -0.413546 0.398509 -0.00773652
1.49525 0.845821 0.0153506 1.96208 0.450654 0.00377467 0.341716 -0.11214 0.331096 -0.208258 -0.465331 0.396926 -0.0520318
1.55728 0.842208 0.0196957 1.9955 0.450474 -0.0153235 0.330514 -0.154178 0.33653 -0.157771 -0.444168 0.384973 -0.0183491
1.60858 0.84261 -0.016039 2.02882 0.449745 -0.0300791 0.316228 -0.126346 0.329398 -0.146727 -0.431865 0.380048 -0.0507062
1.59676 0.853602 -0.147998 2.0613 0.448549 -0.0450358 0.284467 0.0584708 0.323795 -0.150671 -0.482308 0.383728 -0.0886513
1.65361 0.842087 -0.0450072 2.09284 0.446954 -0.0560166 0.284353 -0.054103 0.316155 -0.0867741 -0.460656 0.369922 -0.0919781
1.69103 0.848399 0.0946264 2.12336 0.445159 -0.0620869 0.249508 0.00276967 0.297987 -0.065475 -0.456516 0.375638 -0.0700527
1.6813 0.850577 -0.0813428 2.15159 0.443323 -0.0686896 0.208452 0.237146 0.278121 -0.0615307 -0.497135 0.374014 -0.0836576
1.72639 0.854671 0.353368 2.17843 0.441415 -0.0731742 0.187914 0.198485 0.266745 -0.0291876 -0.481044 0.379102 -0.00529153
1.76281 0.856799 0.466107 2.20402 0.439526 -0.0740735 0.167955 0.228443 0.251294 0.00157769 -0.470882 0.383476 0.118429
1.75294 0.851226 0.293093 2.22764 0.437766 -0.0748427 0.158508 0.238192 0.231258 0 -0.504285 0.376808 0.186818
1.79527 0.867782 0.605562 2.24934 0.436133 -0.0751977 0.129174 0.203774 0.21309 0.000788844 -0.485213 0.396317 0.28936
1.78913 0.859311 0.495375 2.26935 0.434636 -0.0737067 0.127723 0.181652 0.195771 0.0134105 -0.510194 0.388158 0.403213
1.82426 0.873413 0.661107 2.28748 0.433308 -0.072062 0.118396 0.104043 0.177434 0.0276099 -0.493709 0.405611 0.463116
1.84516 0.890148 0.827369 2.30349 0.432168 -0.0699794 0.126916 0.106084 0.157568 0.0141994 -0.489227 0.424812 0.533285
1.85704 0.893047 0.751527 2.31782 0.431178 -0.0668792 0.099521 0.0543728 0.141438 0.0449648 -0.490616 0.430043 0.621872
1.88731 0.915564 0.770221 2.3308 0.430348 -0.0600161 0.103592 0.0421092 0.128364 0.0694193 -0.471799 0.457742 0.647941
1.9128 0.94858 0.796352 2.34202 0.429705 -0.0538986 0.106657 0.0776169 0.110196 0.0607419 -0.456548 0.494998 0.702018
1.91689 0.940297 0.730108 2.35255 0.429163 -0.04771 0.105559 0.0392072 0.105611 0.0631084 -0.459542 0.489775 0.70963
1.94703 0.965972 0.65063 2.36314 0.428686 -0.0424562 0.124736 0.0482577 0.105611 0.0520645 -0.438542 0.519141 0.669029
1.98878 1.00345 0.219583 2.37426 0.428238 -0.0380544 0.110299 0.152748 0.110875 0.0496979 -0.407081 0.560127 0.558238
1.98219 0.99311 0.554958 2.38651 0.427802 -0.0310375 0.162851 0.0976069 0.12344 0.0844075 -0.421665 0.552489 0.508168
2.03162 1.02281 0.188058 2.39881 0.42748 -0.0201395 0.148619 0.144962 0.125137 0.120695 -0.379112 0.587811 0.375612
2.0759 1.03926 0.173922 2.41302 0.427273 -0.00782151 0.170343 0.152673 0.146871 0.127006 -0.341896 0.609334 0.252057
2.06823 1.04607 0.325821 2.42836 0.427253 0.00638973 0.189786 0.192042 0.1557 0.153827 -0.356169 0.621109 0.172883
2.12063 1.0563 0.190853 2.4455 0.427479 0.0215713 0.195323 0.175534 0.175736 0.160138 -0.311229 0.635679 0.151956
2.16076 1.07264 0.103413 2.46414 0.428011 0.0370723 0.214956 0.223798 0.194413 0.15856 -0.279277 0.655432 0.0461461
2.15596 1.08037 0.092838 2.48409 0.428913 0.0550937 0.192632 0.342875 0.203582 0.188536 -0.291761 0.668536 0.00908058
2.20065 1.08464 0.104059 2.5049 0.430257 0.0773631 0.215749 0.34233 0.212581 0.252434 -0.252759 0.675944 -0.0271614
2.19445 1.08912 0.0555769 2.52556 0.432121 0.106342 0.172855 0.509632 0.208336 0.316331 -0.259508 0.688428 -0.110189
2.22805 1.09496 0.0971011 2.54644 0.434666 0.140373 0.160921 0.568961 0.209694 0.346308 -0.222868 0.698348 -0.16297
2.27032 1.09957 0.384438 2.56624 0.437801 0.17864 0.163865 0.35071 0.200186 0.396794 -0.173626 0.703819 -0.145033
2.25938 1.10108 0.189584 2.58462 0.441468 0.22002 0.140475 0.607324 0.182867 0.396794 -0.173438 0.714693 -0.167063
2.29144 1.10916 0.329271 2.60176 0.445636 0.262369 0.138584 0.638416 0.18015 0.434659 -0.127603 0.721308 -0.16437
2.32754 1.12696 0.700524 2.61795 0.450359 0.311452 0.133912 0.563541 0.171831 0.485935 -0.0690947 0.733039 -0.0844636
2.32523 1.12082 0.525604 2.63271 0.45549 0.364073 0.130335 0.649683 0.157228 0.48909 -0.0504084 0.731212 -0.0513837
2.35765 1.13732 0.761339 2.64594 0.460897 0.418835 0.137446 0.580994 0.153493 0.5238 0.0117267 0.735206 -0.0307657
2.38638 1.16603 1.02143 2.65844 0.466873 0.478106 0.170322 0.438668 0.148229 0.543521 0.0801198 0.745933 0.0763321
2.38534 1.15746 0.96971 2.67125 0.473944 0.538216 0.166231 0.464439 0.141607 0.564821 0.104885 0.733439 0.144309
2.4087 1.18168 1.07689 2.68399 0.481985 0.591736 0.201172 0.379721 0.143645 0.575865 0.161808 0.734281 0.166063
2.42567 1.22185 0.939253 2.69728 0.49137 0.642712 0.238469 0.445439 0.161813 0.541944 0.220411 0.747518 0.197817
2.42894 1.20972 1.08212 2.71158 0.502595 0.692327 0.278212 0.286181 0.182697 0.504868 0.233813 0.72473 0.212358
2.45154 1.2567 0.933951 2.7269 0.515911 0.742593 0.301038 0.420032 0.208676 0.527744 0.298054 0.731953 0.144596
2.4776 1.29385 0.776627 2.74298 0.531345 0.791995 0.309474 0.470425 0.226843 0.506445 0.356308 0.724493 0.0565779
2.47057 1.27547 0.936019 2.75961 0.548979 0.841823 0.388367 0.29912 0.248068 0.508812 0.349329 0.699502 -0.0214248
2.50153 1.32809 0.732862 2.77666 0.568962 0.891308 0.364058 0.454363 0.267084 0.511967 0.41763 0.691051 -0.112188
2.53457 1.35153 0.42375 2.79404 0.591493 0.940947 0.39242 0.364101 0.291195 0.507234 0.461366 0.657362 -0.2935
2.52918 1.34772 0.752385 2.81132 0.616351 0.990349 0.456911 0.288064 0.3114 0.511178 0.45686 0.637007 -0.379216
2.56888 1.38066 0.351454 2.82673 0.640912 1.03496 0.433915 0.365714 0.333134 0.509601 0.504419 0.599396 -0.50886
2.60506 1.40687 0.33266 2.84357 0.670793 1.08467 0.441218 0.361816 0.349434 0.504867 0.539371 0.554781 -0.679242
2.60013 1.41201 0.509878 2.85974 0.703129 1.13417 0.455888 0.303253 0.374394 0.511967 0.532583 0.535032 -0.773335
2.64301 1.43007 0.322003 2.87517 0.738253 1.18423 0.466436 0.348898 0.396637 0.520645 0.553241 0.475858 -0.843749
2.63655 1.43681 0.371586 2.88951 0.775875 1.23373 0.454449 0.326435 0.406654 0.494612 0.540083 0.457308 -0.969406
2.67196 1.45625 0.250642 2.90376 0.82001 1.28679 0.45298 0.370671 0.429067 0.458325 0.5458 0.400791 -1.04263
2.71705 1.46519 0.380038 2.91399 0.857536 1.32653 0.456044 0.218884 0.433142 0.433082 0.541985 0.338051 -1.0729
2.70658 1.47074 0.181911 2.92391 0.900637 1.36565 0.436584 0.38856 0.449952 0.400739 0.513876 0.328906 -1.17761
2.74004 1.4823 0.181444 2.93227 0.944108 1.40032 0.398049 0.421042 0.437896 0.349463 0.497782 0.280744 -1.24039
2.77979 1.49459 0.678677 2.93886 0.986751 1.43891 0.382855 0.340876 0.426011 0.388906 0.482513 0.224476 -1.21756
2.77262 1.49253 0.272636 2.94357 1.02761 1.47706 0.334064 0.489327 0.401561 0.381017 0.446887 0.213715 -1.25131
2.80436 1.50361 0.46279 2.94676 1.07019 1.51882 0.302421 0.466011 0.380506 0.377862 0.425439 0.164735 -1.27652
2.83738 1.52383 1.07127 2.94805 1.10714 1.55735 0.312017 0.191253 0.362508 0.369973 0.415164 0.116266 -1.13719
2.83471 1.51736 0.717458 2.94794 1.14237 1.59433 0.29163 0.314432 0.348755 0.359718 0.377544 0.104373 -1.06696
2.86404 1.54404 1.1501 2.94664 1.1761 1.62819 0.307961 0.121625 0.334662 0.363662 0.372071 0.0613572 -1.00653
2.88598 1.56475 1.1735 2.94427 1.20853 1.66012 0.329566 0.0128628 0.321758 0.269 0.360005 0.0262847 -0.858295
2.88717 1.55944 1.07095 2.94103 1.24088 1.68213 0.350357 -0.120341 0.324984 0.179859 0.32257 0.0181352 -0.758672
2.90506 1.58825 1.13478 2.93722 1.27311 1.69452 0.367496 -0.125759 0.324984 0.11044 0.316695 -0.00697084 -0.758359
2.92962 1.62927 1.03002 2.93354 1.30226 1.6986 0.38416 -0.151372 0.333983 0.0481202 0.324848 -0.0377973 -0.69993
2.93217 1.62351 1.02204 2.92909 1.3363 1.70245 0.421045 -0.283049 0.345359 0.00473313 0.284325 -0.0407615 -0.729386
2.95866 1.6708 0.970428 2.92443 1.37148 1.70228 0.418969 -0.172144 0.363697 0 0.292248 -0.0731836 -0.769834
2.99515 1.71432 0.812782 2.9196 1.40825 1.69994 0.436408 -0.223348 0.382034 -0.0252433 0.293799 -0.11434 -0.819125
2.98665 1.70113 0.824186 2.91464 1.44687 1.69667 0.470301 -0.266392 0.396806 -0.0402316 0.243206 -0.103365 -0.877978
3.02758 1.75251 0.690362 2.90964 1.48702 1.69111 0.462578 -0.288847 0.41039 -0.0591642 0.249412 -0.148955 -0.940348
3.02225 1.74205 0.726686 2.90473 1.52864 1.68373 0.486694 -0.335781 0.431614 -0.140416 0.198806 -0.140822 -0.992036
3.065 1.78216 0.639608 2.90008 1.57169 1.67144 0.477997 -0.299871 0.439594 -0.115962 0.192837 -0.185225 -1.04591
3.11262 1.82213 0.383906 2.8955 1.62056 1.65488 0.45977 -0.303344 0.451819 -0.166449 0.182623 -0.233279 -1.11513
3.11135 1.81968 0.543452 2.89239 1.66135 1.63571 0.455558 -0.364559 0.452838 -0.232712 0.143789 -0.228767 -1.1521
3.15849 1.85368 0.428994 2.89001 1.7067 1.60634 0.441573 -0.371423 0.454366 -0.31712 0.137353 -0.273532 -1.17501
3.20861 1.87542 0.33157 2.88913 1.75176 1.57034 0.4196 -0.448793 0.437896 -0.371551 0.1238 -0.319421 -1.21802
3.2041 1.88147 0.32832 2.89003 1.79938 1.52902 0.399245 -0.370342 0.435689 -0.421249 0.0951362 -0.310374 -1.23896
3.24691 1.90332 0.287559 2.89256 1.84154 1.48851 0.375002 -0.277746 0.420238 -0.39995 0.0906962 -0.348078 -1.21773
3.30119 1.91877 0.709931 2.89659 1.88165 1.44855 0.361345 -0.460269 0.401051 -0.383384 0.0861791 -0.397051 -1.14447
3.28791 1.92016 0.353075 2.90193 1.91997 1.4126 0.336397 -0.211154 0.379148 -0.346308 0.0609925 -0.381135 -1.12371
3.34027 1.94027 0.795534 2.90776 1.95326 1.37854 0.3275 -0.344392 0.369809 -0.367607 0.0699009 -0.427028 -0.996848
3.37686 1.95907 0.860413 2.9157 1.99141 1.34084 0.318438 -0.323045 0.357075 -0.336841 0.0736239 -0.456392 -0.85273
3.36631 1.95499 0.664294 2.92396 2.02437 1.30653 0.319539 -0.258486 0.329738 -0.332897 0.0485669 -0.445114 -0.74308
3.40843 1.98303 1.00981 2.93295 2.0557 1.27444 0.298731 -0.308901 0.322437 -0.283199 0.0693571 -0.475982 -0.651014
3.44338 2.01323 1.16827 2.94255 2.08588 1.24804 0.320607 -0.368848 0.309872 -0.250067 0.0899598 -0.49801 -0.461576
3.43918 2.01095 0.968846 2.95267 2.1149 1.21819 0.332215 -0.361613 0.312589 -0.305287 0.0704572 -0.492468 -0.397059
3.46629 2.04561 1.14524 2.96416 2.14472 1.18494 0.3611 -0.432342 0.325833 -0.343152 0.0971487 -0.50251 -0.306845
3.48964 2.08023 1.08388 2.97726 2.17554 1.14962 0.389555 -0.424436 0.339247 -0.359718 0.122493 -0.506567 -0.187606
3.49745 2.08232 1.12341 2.99209 2.20724 1.11274 0.400922 -0.537296 0.354867 -0.361296 0.111429 -0.508505 -0.128003
3.52115 2.12632 0.939031 3.00891 2.23994 1.07458 0.424142 -0.396505 0.368111 -0.39285 0.143962 -0.504559 -0.135689
3.52051 2.11852 1.07532 3.02764 2.27304 1.03317 0.442914 -0.568797 0.381695 -0.399161 0.119667 -0.502464 -0.0729917
3.54279 2.15563 0.954027 3.04883 2.30707 0.991071 0.475993 -0.556795 0.407503 -0.418093 0.143894 -0.496213 -0.0691322
3.57859 2.20178 0.649832 3.07236 2.3415 0.947538 0.469273 -0.499212 0.424313 -0.44097 0.182022 -0.492599 -0.11241
3.56817 2.19365 0.800465 3.09868 2.37664 0.904253 0.51981 -0.533945 0.450461 -0.447281 0.146447 -0.482144 -0.133714
3.60028 2.23168 0.647473 3.12773 2.41211 0.861111 0.528575 -0.486798 0.463026 -0.439393 0.171043 -0.476026 -0.148883
3.65117 2.26728 0.526565 3.15918 2.44732 0.81824 0.511853 -0.430469 0.480175 -0.411783 0.204858 -0.482188 -0.215763
3.64007 2.26681 0.504756 3.19392 2.48297 0.774802 0.547318 -0.440081 0.507851 -0.437815 0.167578 -0.466572 -0.262179
3.68386 2.29626 0.36634 3.23147 2.51832 0.731494 0.540734 -0.340012 0.519397 -0.398372 0.188319 -0.467443 -0.275569
3.72737 2.31134 0.295401 3.27163 2.55303 0.691156 0.551427 -0.297016 0.532471 -0.353407 0.197087 -0.47672 -0.336244
3.72693 2.31881 0.244443 3.31365 2.58666 0.655752 0.545889 -0.178316 0.543338 -0.325009 0.164237 -0.464293 -0.381446
3.75925 2.32789 0.242515 3.35743 2.61939 0.626785 0.559369 -0.179312 0.545205 -0.242179 0.154469 -0.471781 -0.409289
3.80269 2.34432 0.197482 3.40233 2.65121 0.6048 0.550111 -0.132358 0.551827 -0.195636 0.154839 -0.480096 -0.448759
3.79834 2.346 0.201082 3.44831 2.68246 0.588257 0.561168 0.100959 0.558619 -0.121484 0.104487 -0.47414 -0.465268
3.84778 2.35777 0.663126 3.49423 2.71272 0.577075 0.520795 -0.120947 0.551318 -0.087563 0.102646 -0.49036 -0.380541
3.88214 2.37552 0.729243 3.53997 2.74236 0.572981 0.510787 0.0361993 0.538923 -0.0362874 0.0886471 -0.493754 -0.279487
3.87127 2.37015 0.448157 3.58467 2.77105 0.567988 0.534532 0.15144 0.528905 -0.0291876 0.0259384 -0.49213 -0.233365
3.92111 2.39039 0.804587 3.62871 2.7991 0.567515 0.490527 0.0609585 0.527038 0.0141994 0.0268644 -0.501815 -0.111471
3.95572 2.4169 1.00521 3.67218 2.827 0.574236 0.473791 0.0138556 0.509379 0.0615308 0.0152909 -0.498341 0.0426332
3.95123 2.41176 0.890147 3.71383 2.85411 0.580519 0.465174 0.0535034 0.481873 0.0520645 -0.0441056 -0.500085 0.0817541
3.98701 2.44681 1.10991 3.75369 2.88039 0.586435 0.449075 -0.0256105 0.46778 0.0780968 -0.045615 -0.490257 0.151971
3.9847 2.44075 1.08303 3.79218 2.90607 0.589843 0.440613 -0.0994888 0.465742 0.0228768 -0.0988316 -0.493781 0.275538
4.00912 2.47784 1.0446 3.8299 2.93128 0.587074 0.416707 -0.152275 0.448084 -0.0512756 -0.101958 -0.476797 0.32631
4.03078 2.51448 1.10512 3.86677 2.95568 0.581063 0.42135 -0.145009 0.433651 -0.0678416 -0.105088 -0.45882 0.352302
4.03041 2.51197 1.01573 3.90297 2.97922 0.570792 0.407318 -0.197879 0.428558 -0.119906 -0.145218 -0.462032 0.38769
4.05758 2.54601 1.13066 3.93842 3.00168 0.556569 0.401106 -0.353396 0.408862 -0.162504 -0.139543 -0.449843 0.406063
4.08366 2.60375 0.801062 3.9732 3.02292 0.536773 0.398353 -0.162645 0.409201 -0.22719 -0.119431 -0.416703 0.369466
