0.0714856 0.834673 0.565976 2.03752e-05 0.8 -7.0997e-05 0.0624843 0.015484 0 0 0.0714628 0.0346776 0.566047
0.0714856 0.834673 0.565976 2.03752e-05 0.8 -7.0997e-05 0.0762119 0.0179077 0 0 0.0714628 0.0346776 0.283059
0.0690499 0.820261 0.43443 0.000677474 0.8 0.000189325 0.0777119 -0.303163 0 0 0.0683762 0.0202477 0.333279
0.0923279 0.833201 -0.251832 0.00266915 0.799999 -0.00262689 0.0982931 -0.0191776 0.0297138 -0.0134105 0.0895713 0.0334373 0.189771
0.118178 0.833553 -0.306383 0.0058578 0.79998 -0.00892196 0.120613 -0.00428447 0.0288648 -0.0315542 0.112016 0.0345738 0.0973603
0.115272 0.834277 0.0539014 0.0111448 0.799916 -0.0153827 0.12022 -0.35376 0.0410899 -0.0946627 0.103587 0.0359587 0.00140608
0.141766 0.83595 -0.265144 0.0176432 0.799792 -0.0240207 0.165613 -0.0907047 0.0624838 -0.0899295 0.123219 0.039129 -0.15618
0.169063 0.831798 -0.272627 0.0256189 0.799549 -0.0380426 0.18198 -0.129116 0.078784 -0.148305 0.142114 0.037681 -0.28357
0.165928 0.834566 -0.416068 0.0353384 0.799117 -0.051248 0.173407 -0.159042 0.0981404 -0.141994 0.128602 0.0420915 -0.303211
0.197573 0.823808 -0.327909 0.0471311 0.798435 -0.0655421 0.21497 -0.118105 0.119364 -0.156982 0.148457 0.035171 -0.293223
0.22528 0.810452 -0.383537 0.0608791 0.797445 -0.0794575 0.226195 -0.0990038 0.143305 -0.141994 0.162849 0.0260153 -0.366795
0.217473 0.816434 -0.632312 0.0767411 0.796081 -0.0931481 0.247208 0.000933918 0.16368 -0.148305 0.138229 0.033354 -0.426538
0.253267 0.796569 -0.404945 0.0945469 0.794303 -0.106945 0.243756 -0.096402 0.182528 -0.150671 0.157571 0.019195 -0.439204
0.245389 0.801754 -0.663108 0.114353 0.792046 -0.121014 0.283466 0.0803813 0.204431 -0.134105 0.128905 0.0254559 -0.474543
0.274907 0.785282 -0.651213 0.136115 0.789264 -0.134598 0.29728 0.151368 0.223787 -0.140416 0.138071 0.0146785 -0.52562
0.30772 0.765965 -0.181622 0.159366 0.785978 -0.146479 0.273281 -0.0782998 0.239238 -0.114384 0.149686 0.00185447 -0.473357
0.305129 0.768569 -0.574168 0.183937 0.782246 -0.155661 0.313461 0.249746 0.25401 -0.100973 0.121848 0.00527715 -0.452546
0.334884 0.753217 -0.396341 0.210039 0.778055 -0.161932 0.310306 0.313099 0.264707 -0.0402317 0.127216 -0.00438483 -0.444553
0.367954 0.74086 -0.0229726 0.236247 0.773784 -0.159329 0.325043 0.127703 0.266405 0.0607419 0.135262 -0.0116116 -0.319129
0.365071 0.741116 -0.147999 0.262993 0.769598 -0.149733 0.315591 0.330947 0.278121 0.105707 0.105185 -0.0129367 -0.228083
0.396972 0.733449 0.0931427 0.291161 0.76549 -0.137438 0.326116 0.21593 0.28678 0.153827 0.109202 -0.017242 -0.185425
0.437499 0.738396 0.176926 0.319983 0.761757 -0.118376 0.355764 0.145043 0.29527 0.194847 0.119453 -0.00931898 -0.0542684
0.432052 0.731751 0.256489 0.350749 0.758377 -0.0989107 0.368997 0.126634 0.32023 0.200369 0.0835342 -0.0184671 0.0568326
0.478019 0.749746 0.254139 0.383822 0.75538 -0.079635 0.387839 0.106166 0.341624 0.209836 0.0943464 0.00187692 0.0929792
0.520037 0.760924 0.263441 0.418838 0.752904 -0.059886 0.402383 0.0957146 0.357075 0.194847 0.100538 0.0140626 0.155518
0.512706 0.745949 0.336669 0.455999 0.751004 -0.0401488 0.446142 0.0271897 0.382034 0.205102 0.0568642 -0.00277447 0.184486
0.566911 0.77191 0.209647 0.494883 0.749761 -0.0223641 0.436554 0.109458 0.397825 0.169604 0.0715153 0.0237539 0.173246
0.616167 0.782163 0.0927641 0.535615 0.749175 -0.00436631 0.452525 0.205033 0.419219 0.207469 0.0804067 0.03334 0.122503
0.607034 0.770954 0.20933 0.578319 0.749315 0.0125191 0.495273 -0.00521381 0.433482 0.163293 0.0289839 0.0212781 0.0966557
0.668491 0.785093 -0.0148812 0.623035 0.750216 0.0294283 0.487028 0.0746253 0.456064 0.192481 0.0464623 0.0335239 0.0240822
0.71928 0.78508 -0.147849 0.66938 0.751918 0.0450358 0.495618 0.0545827 0.468968 0.153038 0.051343 0.030882 -0.0884289
0.707677 0.787943 0.00655071 0.717089 0.754356 0.0575667 0.532055 -0.0420835 0.483401 0.0954515 -0.0074642 0.0340731 -0.141579
0.767203 0.783314 -0.191709 0.766223 0.757407 0.0669028 0.523352 -0.0174555 0.498852 0.0615307 0.00270925 0.0257835 -0.20781
0.760885 0.789506 -0.0910148 0.816098 0.760921 0.0734937 0.540408 -0.0461223 0.510398 0.0804633 -0.0529645 0.0325621 -0.27447
0.81443 0.786918 -0.198068 0.867683 0.764791 0.0761088 0.536336 -0.0772539 0.522623 0.011044 -0.0514165 0.0261125 -0.313722
0.874415 0.773727 -0.326814 0.920565 0.768839 0.0749255 0.538198 -0.0624534 0.534509 -0.00315538 -0.0456546 0.00832932 -0.348332
0.86606 0.780551 -0.31216 0.972937 0.772624 0.0689026 0.52417 -0.121207 0.53315 -0.093085 -0.106078 0.0152664 -0.406051
0.914238 0.770839 -0.421149 1.02727 0.776208 0.0613532 0.507647 -0.0646858 0.530264 -0.0954515 -0.113151 0.00157185 -0.44439
0.972614 0.744013 -0.324582 1.07929 0.779165 0.0510114 0.491165 -0.133017 0.518039 -0.120695 -0.108326 -0.0296675 -0.480761
0.957113 0.757692 -0.483075 1.12996 0.781553 0.0423379 0.465376 0.0251178 0.502587 -0.048909 -0.173699 -0.0165241 -0.529089
0.996738 0.742311 -0.487996 1.17934 0.78341 0.0321853 0.443636 0.0264466 0.490023 -0.113595 -0.183827 -0.0352014 -0.551173
1.04512 0.725884 -0.026381 1.22737 0.784817 0.0258193 0.404803 0.0302329 0.470836 -0.0638974 -0.183702 -0.0542081 -0.487651
1.03355 0.726612 -0.420267 1.2734 0.785857 0.0187314 0.398572 0.142002 0.453347 -0.0441759 -0.240924 -0.0547421 -0.480387
1.07848 0.711609 0.0403386 1.31766 0.786558 0.0129333 0.364355 0.104107 0.444009 -0.0449648 -0.240124 -0.0718495 -0.401605
1.10818 0.706546 0.112078 1.36055 0.787064 0.0106496 0.34377 0.171235 0.425841 -0.0205103 -0.253212 -0.0778262 -0.28029
1.10364 0.704084 -0.0436245 1.40154 0.787454 0.00808184 0.329934 0.28252 0.405296 -0.0181437 -0.298562 -0.0809601 -0.188848
1.13708 0.704384 0.522728 1.4408 0.787753 0.00783335 0.318147 -0.116793 0.390864 -0.00631088 -0.304364 -0.0809872 -0.0787778
1.16377 0.709809 0.616336 1.47884 0.788096 0.0105904 0.315881 -0.155234 0.375752 0.0449647 -0.315881 -0.0749461 0.125786
1.15984 0.705005 0.533504 1.5149 0.78853 0.0134776 0.27386 -0.0585173 0.358942 0.022088 -0.356147 -0.0787328 0.221532
1.18976 0.723957 0.670559 1.54941 0.789002 0.0137971 0.275609 -0.0341488 0.33602 0.000788877 -0.36051 -0.0600764 0.332908
1.21567 0.742636 0.699283 1.58194 0.789455 0.0142349 0.261499 -0.0148072 0.325154 0.0102551 -0.366898 -0.0416007 0.481052
1.2081 0.728194 0.605354 1.61247 0.789884 0.0138444 0.240172 -0.123688 0.297138 0.00315538 -0.405179 -0.0560859 0.497968
1.24278 0.762118 0.635594 1.64062 0.790277 0.0139983 0.216397 0.0732846 0.282366 -0.000788877 -0.398202 -0.0225872 0.501665
1.23698 0.744568 0.577707 1.66713 0.790648 0.0139391 0.217397 -0.108891 0.256727 0.00315544 -0.430756 -0.0400798 0.510565
1.27271 0.763884 0.534737 1.69162 0.790991 0.0135959 0.212895 -0.123874 0.238899 -0.00867745 -0.419236 -0.0214101 0.483744
1.31498 0.794838 0.406759 1.71492 0.791278 0.0098331 0.18937 -0.0835254 0.228881 -0.0520645 -0.399893 0.00749195 0.429002
1.31175 0.784547 0.453726 1.73682 0.791426 0.00272157 0.205793 -0.158004 0.214279 -0.0694193 -0.425082 -0.00572234 0.405788
1.35323 0.804783 0.341311 1.75729 0.791405 -0.00695769 0.208608 -0.165535 0.20477 -0.115173 -0.404138 0.0105665 0.356611
1.4048 0.818304 -0.0532268 1.7781 0.791112 -0.0230622 0.211807 -0.179013 0.210883 -0.164082 -0.373828 0.0185766 0.246528
1.39732 0.822508 0.219524 1.79906 0.790474 -0.0397346 0.229348 -0.163513 0.209355 -0.160138 -0.4027 0.0160502 0.200158
1.4446 0.835919 0.116511 1.82081 0.789428 -0.057827 0.245647 -0.143275 0.22175 -0.178281 -0.378268 0.0246702 0.160201
1.50571 0.838329 0.0265311 1.84397 0.787911 -0.0742274 0.248175 -0.184914 0.239069 -0.159349 -0.341067 0.0251945 0.0911623
1.49525 0.845821 0.0153506 1.86862 0.78589 -0.0913495 0.273592 -0.106117 0.252992 -0.179859 -0.377285 0.0256207 0.0430923
1.55728 0.842208 0.0196957 1.89389 0.783363 -0.109442 0.262953 -0.172101 0.258595 -0.156982 -0.341023 0.0217277 0.0757692
1.60858 0.84261 -0.016039 1.91984 0.780317 -0.126079 0.262782 -0.161156 0.263349 -0.169604 -0.316619 0.0226598 0.0452936
1.59676 0.853602 -0.147998 1.94588 0.77682 -0.142219 0.256489 0.0396554 0.261481 -0.154616 -0.356477 0.0265225 0.00853176
1.65361 0.842087 -0.0450072 1.97175 0.772933 -0.155898 0.254617 -0.0934361 0.264028 -0.117539 -0.325017 0.0189183 0.00790286
1.69103 0.848399 0.0946264 1.99743 0.768806 -0.163991 0.231308 -0.0256648 0.256387 -0.0851964 -0.31528 0.0285037 0.0318517
1.6813 0.850577 -0.0813428 2.02202 0.764634 -0.173315 0.225198 0.197085 0.242634 -0.0970292 -0.350437 0.0258979 0.0209683
1.72639 0.854671 0.353368 2.04579 0.76041 -0.177504 0.208799 0.194789 0.242464 -0.0205103 -0.331022 0.0363829 0.0990385
1.76281 0.856799 0.466107 2.06919 0.756236 -0.173883 0.198978 0.260942 0.236012 0.0552199 -0.319161 0.046039 0.218239
1.75294 0.851226 0.293093 2.09183 0.752353 -0.163695 0.204431 0.30806 0.22939 0.101762 -0.350478 0.0423228 0.275671
1.79527 0.867782 0.605562 2.11402 0.748835 -0.147863 0.182308 0.332201 0.223278 0.177492 -0.332793 0.07069 0.362025
1.78913 0.859311 0.495375 2.13553 0.745847 -0.125499 0.183392 0.327111 0.211732 0.218513 -0.357876 0.0692124 0.455005
1.82426 0.873413 0.661107 2.15551 0.743537 -0.101407 0.1737 0.255497 0.198997 0.249278 -0.342702 0.0956748 0.492461
1.84516 0.890148 0.827369 2.17432 0.741854 -0.073896 0.185327 0.282406 0.184056 0.268211 -0.339213 0.123587 0.537202
1.85704 0.893047 0.751527 2.19244 0.74074 -0.0464084 0.164492 0.197699 0.183376 0.271366 -0.342108 0.136583 0.601401
1.88731 0.915564 0.770221 2.21057 0.740118 -0.0194413 0.170068 0.158393 0.178962 0.268211 -0.326609 0.169129 0.607366
1.9128 0.94858 0.796352 2.22803 0.739961 0.00240208 0.182038 0.148064 0.173359 0.204314 -0.314727 0.209375 0.645718
1.91689 0.940297 0.730108 2.24567 0.740141 0.0187196 0.183878 0.0711924 0.181679 0.164082 -0.324981 0.206275 0.643201
1.94703 0.965972 0.65063 2.26378 0.74059 0.0310494 0.200285 0.048611 0.183376 0.113595 -0.309605 0.235108 0.595523
1.98878 1.00345 0.219583 2.28263 0.741242 0.0387407 0.193438 0.132634 0.194583 0.0804633 -0.283473 0.273389 0.481443
1.98219 0.99311 0.554958 2.30252 0.742065 0.0465385 0.235582 0.0737079 0.204091 0.115173 -0.308299 0.265675 0.430592
2.03162 1.02281 0.188058 2.32258 0.743112 0.0590458 0.222448 0.111674 0.207996 0.134894 -0.273955 0.296377 0.296426
2.0759 1.03926 0.173922 2.34426 0.74451 0.0704764 0.235238 0.0909463 0.220052 0.105707 -0.246934 0.312918 0.173759
2.06823 1.04607 0.325821 2.36686 0.746223 0.0818714 0.256451 0.110249 0.230239 0.108862 -0.273115 0.323268 0.0974018
2.12063 1.0563 0.190853 2.39053 0.748255 0.0899295 0.248951 0.0534924 0.237371 0.0615307 -0.241141 0.331036 0.0835976
2.16076 1.07264 0.103413 2.41576 0.75064 0.0985438 0.265461 0.118104 0.253161 0.0796744 -0.222077 0.345527 -0.0153255
2.15596 1.08037 0.092838 2.44086 0.753185 0.104567 0.24684 0.206067 0.252652 0.0694193 -0.249196 0.355134 -0.0403925
2.20065 1.08464 0.104059 2.46661 0.756004 0.116127 0.265132 0.211573 0.258934 0.13805 -0.22609 0.357243 -0.0659258
2.24049 1.09355 0.305664 2.49194 0.75915 0.133486 0.248339 0.198956 0.260632 0.196425 -0.2047 0.364889 -0.0873159
2.22805 1.09496 0.0971011 2.51761 0.762841 0.1543 0.236085 0.416894 0.255029 0.208258 -0.235077 0.372678 -0.12688
2.27032 1.09957 0.384438 2.54216 0.766905 0.177031 0.218483 0.201285 0.249935 0.255589 -0.209014 0.375339 -0.0934062
2.25938 1.10108 0.189584 2.5661 0.7715 0.205666 0.221632 0.488593 0.23822 0.286355 -0.232951 0.385272 -0.102692
2.29144 1.10916 0.329271 2.58888 0.776555 0.235343 0.217806 0.524182 0.233296 0.325008 -0.211688 0.392797 -0.0873269
2.32754 1.12696 0.700524 2.61144 0.782354 0.273504 0.204549 0.476427 0.234484 0.410994 -0.180266 0.408477 -0.0465157
2.32523 1.12082 0.525604 2.63323 0.788939 0.318599 0.209 0.590564 0.223278 0.445703 -0.188537 0.411658 -0.00591009
2.35765 1.13732 0.761339 2.65328 0.796018 0.366262 0.202163 0.526108 0.214449 0.488302 -0.153799 0.424544 0.0218075
2.38638 1.16603 1.02143 2.67254 0.803939 0.419782 0.218698 0.407083 0.206299 0.537211 -0.113747 0.44728 0.134656
2.38534 1.15746 0.96971 2.69086 0.812627 0.470189 0.206865 0.376452 0.200356 0.48909 -0.116136 0.445826 0.212336
2.4087 1.18168 1.07689 2.7092 0.822418 0.513651 0.229292 0.229197 0.205959 0.418882 -0.0851902 0.460547 0.244148
2.42567 1.22185 0.939253 2.727 0.83285 0.549043 0.248699 0.267524 0.205789 0.347096 -0.0540296 0.489074 0.291486
2.42894 1.20972 1.08212 2.74524 0.844378 0.580199 0.265482 0.123867 0.22141 0.321853 -0.0642636 0.478944 0.324485
2.45154 1.2567 0.933951 2.76459 0.857434 0.609071 0.281014 0.208086 0.236182 0.281621 -0.0283399 0.506569 0.278118
2.4776 1.29385 0.776627 2.78443 0.871603 0.634015 0.286867 0.254218 0.251294 0.250856 0.0029367 0.521946 0.214558
2.47057 1.27547 0.936019 2.80539 0.887387 0.658651 0.341229 0.087166 0.27082 0.242179 -0.0272587 0.511833 0.161747
2.50153 1.32809 0.732862 2.82778 0.905127 0.683512 0.329516 0.232188 0.289158 0.235868 0.0141521 0.533975 0.0956084
2.53457 1.35153 0.42375 2.85105 0.924514 0.707663 0.352424 0.173909 0.31174 0.255589 0.037099 0.530215 -0.060216
2.52918 1.34772 0.752385 2.87513 0.945584 0.732168 0.399983 0.105812 0.333813 0.258745 0.01153 0.530338 -0.121035
2.56888 1.38066 0.351454 2.90047 0.968873 0.756035 0.389143 0.171172 0.349774 0.239812 0.0412483 0.527089 -0.229936
2.60506 1.40687 0.33266 2.92655 0.993985 0.779393 0.40419 0.186786 0.372356 0.253223 0.0615095 0.519663 -0.373966
2.60013 1.41201 0.509878 2.95341 1.02108 0.802041 0.407431 0.117705 0.388317 0.237446 0.0353693 0.525717 -0.441211
2.64301 1.43007 0.322003 2.98056 1.04969 0.822062 0.412496 0.100329 0.396976 0.162504 0.0488734 0.506201 -0.481582
2.63655 1.43681 0.371586 3.00778 1.07937 0.83586 0.405471 0.0819703 0.411748 0.133317 0.016255 0.515079 -0.571538
2.67196 1.45625 0.250642 3.03498 1.10974 0.845302 0.385266 0.120737 0.403768 0.0851965 0.0183819 0.501512 -0.601143
2.71705 1.46519 0.380038 3.06148 1.13987 0.8542 0.373629 0.00241571 0.390694 0.0859853 0.0190812 0.473392 -0.600566
2.70658 1.47074 0.181911 3.08782 1.17045 0.862637 0.3488 0.172681 0.382034 0.0567976 -0.0198852 0.484891 -0.674596
2.74004 1.4823 0.181444 3.11232 1.19919 0.867749 0.326115 0.253827 0.371168 0.0631084 -0.0247103 0.46705 -0.70782
2.77979 1.49459 0.678677 3.13344 1.22426 0.875405 0.307052 0.17497 0.363697 0.0915072 -0.0190189 0.444732 -0.654058
2.77262 1.49253 0.272636 3.158 1.254 0.887403 0.292384 0.345512 0.345359 0.113595 -0.0583698 0.449445 -0.661658
2.80436 1.50361 0.46279 3.17691 1.27746 0.899 0.276166 0.366575 0.333134 0.162504 -0.0548642 0.432358 -0.656703
2.83738 1.52383 1.07127 3.19883 1.30552 0.918772 0.273748 0.12652 0.317004 0.185381 -0.0457981 0.419772 -0.498604
2.83471 1.51736 0.717458 3.21714 1.32994 0.938214 0.262968 0.256113 0.302232 0.18617 -0.0749588 0.419239 -0.410842
2.86404 1.54404 1.1501 3.23403 1.3534 0.957785 0.274007 0.0912692 0.28746 0.212202 -0.0569442 0.412304 -0.33613
2.88598 1.56475 1.1735 3.24962 1.37597 0.975937 0.290825 0.0158309 0.274046 0.154616 -0.0474301 0.40697 -0.174109
2.88717 1.55944 1.07095 3.26497 1.39891 0.985829 0.29931 -0.0883603 0.280158 0.102551 -0.0747682 0.403625 -0.0623692
2.90506 1.58825 1.13478 3.28041 1.42234 0.989426 0.321432 -0.118331 0.281007 -0.00709969 -0.0674844 0.404797 -0.0532644
2.92962 1.62927 1.03002 3.2946 1.44389 0.987261 0.341612 -0.0898303 0.299175 -0.00473313 -0.0463849 0.406725 0.0114128
2.93217 1.62351 1.02204 3.31331 1.47219 0.985521 0.371983 -0.199299 0.3114 -0.0236657 -0.0844123 0.401296 -0.0124585
2.95866 1.6708 0.970428 3.33141 1.49941 0.982634 0.385281 -0.0706996 0.338058 -0.00867745 -0.0642198 0.405208 -0.0501851
2.99515 1.71432 0.812782 3.35069 1.52822 0.978682 0.401612 -0.115794 0.354358 -0.0307654 -0.0440132 0.398881 -0.0978665
2.98665 1.70113 0.824186 3.37107 1.55839 0.973984 0.445537 -0.167566 0.371677 -0.0607419 -0.0979864 0.398188 -0.155288
3.02758 1.75251 0.690362 3.39279 1.5902 0.969582 0.44439 -0.134177 0.394599 -0.0141994 -0.0727288 0.392972 -0.218817
3.02225 1.74205 0.726686 3.41576 1.62356 0.965252 0.479232 -0.141661 0.411748 -0.0481202 -0.126561 0.390987 -0.273558
3.065 1.78216 0.639608 3.44008 1.65854 0.960814 0.491144 -0.119374 0.439934 -0.0418093 -0.113534 0.378259 -0.335285
3.11262 1.82213 0.383906 3.46568 1.695 0.956081 0.473813 -0.0932499 0.452498 -0.0560087 -0.0997624 0.361751 -0.416327
3.11135 1.81968 0.543452 3.49246 1.73278 0.950804 0.478908 -0.120236 0.458271 -0.0796743 -0.150715 0.360677 -0.467196
3.15849 1.85368 0.428994 3.52024 1.77133 0.940675 0.476504 -0.105782 0.480684 -0.134894 -0.146626 0.34081 -0.509341
3.20861 1.87542 0.33157 3.54855 1.80974 0.929777 0.468003 -0.105864 0.477798 -0.0915073 -0.150655 0.311733 -0.577466
3.2041 1.88147 0.32832 3.57693 1.84738 0.919435 0.437781 0.0182045 0.474572 -0.076519 -0.198932 0.317162 -0.629382
3.24691 1.90332 0.287559 3.60484 1.88364 0.909767 0.409089 0.0798665 0.461158 -0.0851965 -0.204208 0.294621 -0.638984
3.30119 1.91877 0.709931 3.63255 1.91904 0.903046 0.387868 -0.0930834 0.436708 -0.0567976 -0.2054 0.260021 -0.598967
3.28791 1.92016 0.353075 3.6594 1.95292 0.897745 0.36458 0.102974 0.421936 -0.0733636 -0.257191 0.270053 -0.60885
3.34027 1.94027 0.795534 3.68512 1.98501 0.892101 0.337877 -0.0104705 0.398844 -0.0686304 -0.251317 0.240344 -0.510412
3.37686 1.95907 0.860413 3.70978 2.01542 0.886741 0.318531 -0.00748047 0.382374 -0.0552199 -0.254063 0.222404 -0.398634
3.36631 1.95499 0.664294 3.7334 2.04427 0.881629 0.327604 0.0716486 0.366753 -0.0252434 -0.302333 0.226547 -0.318175
3.40843 1.98303 1.00981 3.75596 2.07151 0.877085 0.293514 -0.0243636 0.351472 -0.0299765 -0.290234 0.210632 -0.253655
3.44338 2.01323 1.16827 3.77773 2.09766 0.875772 0.305042 -0.100991 0.331096 -0.0173548 -0.278961 0.202728 -0.0893034
3.43918 2.01095 0.968846 3.79844 2.12245 0.872979 0.304513 -0.0645252 0.322777 -0.0307653 -0.316276 0.203639 -0.0518483
3.46629 2.04561 1.14524 3.81837 2.1461 0.86724 0.303614 -0.137165 0.30359 -0.0694193 -0.304407 0.20347 0.0108551
3.48964 2.08023 1.08388 3.83818 2.16927 0.857301 0.319603 -0.163032 0.309023 -0.124639 -0.295432 0.205249 0.104713
3.49745 2.08232 1.12341 3.8586 2.19257 0.843965 0.319648 -0.283041 0.312759 -0.137261 -0.322373 0.196618 0.140768
3.52115 2.12632 0.939031 3.87993 2.21619 0.824465 0.333966 -0.184295 0.32006 -0.21378 -0.309578 0.202389 0.114421
3.52051 2.11852 1.07532 3.90209 2.23962 0.800846 0.349259 -0.356328 0.330927 -0.226402 -0.352566 0.189652 0.159334
3.54279 2.15563 0.954027 3.92518 2.26298 0.777535 0.36306 -0.369008 0.333134 -0.274522 -0.347817 0.191751 0.144403
3.57859 2.20178 0.649832 3.94967 2.28648 0.748888 0.348687 -0.307699 0.34485 -0.284777 -0.329466 0.190606 0.08624
3.56817 2.19365 0.800465 3.97548 2.30982 0.718726 0.383139 -0.342613 0.348415 -0.29661 -0.383046 0.180744 0.0518133
3.60028 2.23168 0.647473 4.00252 2.33282 0.687606 0.387721 -0.318145 0.360301 -0.313965 -0.375028 0.177147 0.0246221
3.65117 2.26728 0.526565 4.03186 2.35625 0.657562 0.37115 -0.278161 0.382544 -0.300554 -0.355687 0.16225 -0.0550851
3.64007 2.26681 0.504756 4.06228 2.37906 0.626478 0.380717 -0.266571 0.378978 -0.304498 -0.407841 0.15661 -0.113855
3.68386 2.29626 0.36634 4.09281 2.40057 0.598611 0.36059 -0.153522 0.378978 -0.246123 -0.396624 0.144267 -0.142687
3.72737 2.31134 0.295401 4.12432 2.42155 0.574626 0.355591 -0.139877 0.376092 -0.229557 -0.393106 0.123241 -0.219714
3.72693 2.31881 0.244443 4.15549 2.44132 0.554427 0.31457 -0.00545568 0.359961 -0.181437 -0.428864 0.121459 -0.280122
3.75925 2.32789 0.242515 4.18583 2.45981 0.538003 0.318736 -0.0632365 0.348246 -0.163293 -0.433917 0.105306 -0.320508
3.80269 2.34432 0.197482 4.2153 2.47709 0.522999 0.2919 -0.0334296 0.33602 -0.134894 -0.423778 0.0910631 -0.366958
3.79834 2.346 0.201082 4.24353 2.49318 0.511415 0.259842 0.155009 0.32006 -0.108073 -0.460256 0.0895332 -0.388426
3.84778 2.35777 0.663126 4.27063 2.50821 0.501641 0.242585 -0.0549502 0.307665 -0.0725747 -0.443098 0.0714306 -0.305107
3.88214 2.37552 0.729243 4.29676 2.52245 0.495997 0.22697 0.0645387 0.294591 -0.0623196 -0.43458 0.0680964 -0.202502
3.87127 2.37015 0.448157 4.32111 2.53555 0.490589 0.220407 0.182749 0.268273 -0.0410205 -0.474715 0.0660444 -0.155966
3.92111 2.39039 0.804587 4.34445 2.54797 0.487572 0.192761 0.0820748 0.261481 -0.0189325 -0.447835 0.0591198 -0.0315282
3.95572 2.4169 1.00521 4.3666 2.55971 0.48827 0.185597 0.0243853 0.245521 0.00946626 -0.429863 0.0666138 0.128599
3.95123 2.41176 0.890147 4.38697 2.57054 0.488353 0.183869 0.0667281 0.222429 0.00157769 -0.459302 0.0642215 0.17392
3.98701 2.44681 1.10991 4.40439 2.5798 0.489442 0.177195 -0.026889 0.209015 0.00394428 -0.430908 0.0788437 0.248965
3.9847 2.44075 1.08303 4.42252 2.58947 0.489998 0.161939 -0.0493609 0.186942 0.00552197 -0.456299 0.0748241 0.375383
4.00912 2.47784 1.0446 4.43792 2.59768 0.489063 0.146526 -0.0430157 0.169453 0 -0.43483 0.0956547 0.424321
4.03078 2.51448 1.10512 4.45203 2.60516 0.485821 0.157051 -0.0558731 0.155361 -0.0354985 -0.414846 0.116501 0.447545
