0.10235 0.775451 -0.495321 -3.31096e-05 0.5 0.000721803 0.120487 0.0282921 0 0 0.102582 -0.0246232 -0.496043
0.10235 0.775451 -0.495321 -3.31096e-05 0.5 0.000721803 0.144037 0.0271941 0 0 0.102582 -0.0246232 -0.248382
0.130014 0.763826 -0.510833 0.00140079 0.500001 0.000804633 0.109688 -0.0795729 0.0134136 0.000788856 0.128825 -0.0362789 -0.336189
0.15725 0.751845 -0.550055 0.00677219 0.500006 0.00102946 0.106633 -0.114727 0.0137532 -0.000788854 0.150737 -0.0483155 -0.390082
0.176514 0.731851 -0.612848 0.0168146 0.500012 0.00037865 0.198226 -0.00544619 0.0699547 -0.011044 0.159787 -0.0682217 -0.418813
0.197178 0.719553 -0.296272 0.0299973 0.500008 -0.0015146 0.24762 0.0153731 0.0979706 -0.0197214 0.166848 -0.0802018 -0.367157
0.22612 0.703452 0.143534 0.047087 0.499972 -0.00300554 0.280257 0.051604 0.128024 -0.0173548 0.178421 -0.0959833 -0.202074
0.255201 0.697116 0.364651 0.0682286 0.499895 -0.00450831 0.214398 -0.118296 0.163171 -0.0149882 0.186081 -0.101938 0.028105
0.28199 0.693336 0.227949 0.0953119 0.499745 -0.00678021 0.268828 -0.0682839 0.191017 -0.0118329 0.185361 -0.105148 0.240576
0.310991 0.689214 0.17804 0.123895 0.499492 -0.0118802 0.310254 -0.0365974 0.216826 -0.0402316 0.184829 -0.108069 0.364254
0.343525 0.697409 0.212042 0.156512 0.499027 -0.0168736 0.295899 -0.0689733 0.238559 -0.0323431 0.183639 -0.0984909 0.386375
0.391782 0.717109 0.119322 0.195831 0.498248 -0.0229202 0.33227 -0.0334708 0.271329 -0.0315542 0.190884 -0.0767055 0.331089
0.440293 0.740276 0.189513 0.236746 0.497205 -0.0282686 0.337821 -0.0516235 0.301892 -0.0394428 0.196595 -0.0512733 0.326828
0.487116 0.755018 0.210929 0.281575 0.495824 -0.0336644 0.376627 0.04396 0.330587 -0.0339208 0.1967 -0.0340355 0.340446
0.536787 0.765782 0.272214 0.329873 0.494048 -0.0405748 0.377329 0.0335028 0.355716 -0.054431 0.195721 -0.0200959 0.3624
0.588006 0.769849 -0.00286382 0.384763 0.491736 -0.0421012 0.359133 0.0294175 0.373205 0.00157775 0.191358 -0.0135785 0.33338
0.644714 0.763047 -0.160016 0.435986 0.48968 -0.0376047 0.365288 0.0310527 0.356905 0.0410205 0.198303 -0.0189791 0.241501
0.692184 0.760126 -0.207662 0.486784 0.487865 -0.0336526 0.394398 0.013414 0.364376 0.022088 0.196123 -0.0209821 0.132901
0.734405 0.757895 -0.253498 0.542945 0.486085 -0.0289904 0.425431 0.00432641 0.384581 0.0291876 0.1835 -0.0227553 -0.00318903
0.784185 0.74776 -0.322483 0.599127 0.484546 -0.0259494 0.440476 -0.023236 0.417691 0.0252434 0.178167 -0.0320722 -0.0861349
0.823335 0.736522 -0.340334 0.659068 0.483073 -0.0238432 0.426311 -0.0870547 0.441292 0.00394432 0.158178 -0.0427064 -0.133321
0.856193 0.718701 -0.312939 0.71949 0.481503 -0.0300436 0.447717 -0.0408812 0.429067 -0.0638973 0.129516 -0.0588028 -0.15344
0.891794 0.703623 -0.0893287 0.784685 0.479185 -0.0410481 0.524435 0.113715 0.446725 -0.0575864 0.0978091 -0.0713552 -0.101393
0.92562 0.688016 -0.101004 0.848325 0.476367 -0.0472248 0.560626 0.195914 0.473553 -0.02761 0.0672172 -0.0849383 -0.0398464
0.954336 0.677351 0.0632493 0.915853 0.472993 -0.0532951 0.494545 0.0383511 0.493928 -0.0623195 0.0275423 -0.0938826 0.0671197
0.990057 0.669704 0.0706929 0.990741 0.46887 -0.054076 0.484566 0.0792411 0.501908 0.0410205 -0.0115374 -0.0994963 0.163809
1.02704 0.674638 0.182208 1.05911 0.465384 -0.0459587 0.411003 0.00630768 0.485778 0.0386538 -0.0416498 -0.0924404 0.223576
1.06544 0.684309 0.254827 1.12559 0.462669 -0.0350015 0.338367 -0.0294582 0.466931 0.0962404 -0.067873 -0.0806006 0.301576
1.10778 0.700013 0.277707 1.18838 0.460781 -0.0237485 0.286637 -0.0440046 0.440273 0.109651 -0.0862554 -0.0627498 0.343938
1.15094 0.712096 0.242495 1.25108 0.459626 -0.0122115 0.267729 -0.0470981 0.407333 0.076519 -0.10322 -0.0487713 0.375351
1.20693 0.725526 0.0214191 1.3051 0.459234 -0.00123061 0.300085 0.057253 0.379487 0.0844076 -0.0985029 -0.0338293 0.324173
1.25725 0.731563 -0.0602526 1.35596 0.459433 0.00975026 0.203685 -0.0569338 0.350792 0.0773078 -0.096051 -0.0269209 0.234422
1.30336 0.734367 -0.176149 1.40563 0.460188 0.0215949 0.22929 -0.000825697 0.315815 0.0804633 -0.0963264 -0.0236766 0.109113
1.35465 0.735745 -0.222888 1.44788 0.461318 0.0328953 0.237402 -0.00561731 0.290855 0.0812521 -0.0841566 -0.0226551 -0.0185327
1.40616 0.736233 -0.226387 1.48612 0.462771 0.0441483 0.228853 -0.0249158 0.263519 0.0773078 -0.0678069 -0.0232759 -0.0917373
1.45268 0.73262 -0.187318 1.52091 0.46446 0.0523366 0.21021 -0.0768212 0.243483 0.0347097 -0.0541086 -0.0286381 -0.131692
1.49549 0.730528 -0.150585 1.55524 0.466297 0.0533306 0.195234 -0.113694 0.225146 -0.0141994 -0.0455737 -0.0329602 -0.126295
1.52925 0.727525 -0.166091 1.58509 0.467822 0.0470474 0.193303 -0.1306 0.206808 -0.0694193 -0.0435573 -0.0379582 -0.105812
1.55816 0.731163 0.0789377 1.61281 0.46895 0.0316055 0.217279 -0.0530552 0.195092 -0.127006 -0.0463416 -0.0361908 -0.0140393
1.59028 0.727393 0.246754 1.64295 0.469639 0.0139154 0.31083 0.156887 0.207317 -0.0954515 -0.0490775 -0.0415376 0.112169
1.62355 0.727591 0.408887 1.67374 0.469912 0.00307654 0.352408 0.230364 0.228541 -0.0820409 -0.0493979 -0.0421687 0.262876
1.6551 0.73632 0.578188 1.70861 0.469845 -0.00745468 0.326094 0.209495 0.260972 -0.0670527 -0.0554998 -0.0339312 0.459477
1.68354 0.744979 0.709643 1.74652 0.469414 -0.0142467 0.275782 0.170545 0.275914 -0.0212991 -0.0669071 -0.0253604 0.623945
1.70818 0.755136 0.779825 1.78847 0.468878 -0.00749018 0.232078 0.212607 0.281517 0.100973 -0.082436 -0.0143512 0.750456
1.74163 0.779691 0.785419 1.82651 0.468916 0.011537 0.150702 0.18032 0.263689 0.144361 -0.0812932 0.0117332 0.825562
1.77871 0.807536 0.788714 1.86065 0.469616 0.0310612 0.148618 0.223226 0.236522 0.141205 -0.0714109 0.0403022 0.85867
1.82637 0.848636 0.703037 1.89273 0.47092 0.0520408 0.0754417 0.152033 0.20545 0.129372 -0.0466208 0.0806569 0.836038
1.86145 0.877579 0.526583 1.91874 0.472506 0.0719318 0.0719841 0.166448 0.179301 0.140416 -0.0280299 0.108142 0.752837
1.89815 0.903749 0.372879 1.94062 0.474276 0.0915861 0.128051 0.251428 0.149078 0.141994 -0.00300639 0.131557 0.630048
1.93732 0.931503 0.321676 1.95972 0.476231 0.116897 0.149291 0.298934 0.138042 0.212202 0.0308516 0.154777 0.487977
1.9843 0.964074 0.32957 1.98016 0.478988 0.154324 0.159915 0.298779 0.146362 0.279255 0.0786528 0.178685 0.357183
2.02661 0.970513 0.265518 2.00148 0.482722 0.195443 0.175115 0.258797 0.161473 0.300554 0.119381 0.173624 0.250798
2.06689 0.979978 0.172515 2.02433 0.48771 0.235509 0.212207 0.223883 0.171321 0.286355 0.156249 0.168749 0.160641
2.09962 0.992316 0.0700769 2.05106 0.494656 0.274581 0.250888 0.175631 0.193734 0.265844 0.181674 0.165853 0.0586695
2.1439 1.00069 0.0896598 2.07953 0.503204 0.310576 0.332755 0.214119 0.22141 0.272944 0.213328 0.154015 -0.0373036
2.17917 1.00704 0.424928 2.11154 0.514092 0.346761 0.256301 0.0852924 0.252312 0.260322 0.231136 0.140623 -0.0336359
2.20403 1.01544 0.544898 2.14565 0.527015 0.377041 0.457721 0.330789 0.259614 0.171182 0.234101 0.132619 0.0291796
2.2339 1.01889 0.591654 2.18304 0.542201 0.394755 0.483799 0.354507 0.280158 0.123061 0.230282 0.120467 0.14186
2.26528 1.02731 0.708011 2.22144 0.55856 0.411203 0.457678 0.32113 0.305458 0.104918 0.227558 0.112151 0.28
2.29484 1.04587 0.864885 2.26318 0.577154 0.427662 0.396069 0.195989 0.33619 0.107284 0.223211 0.113375 0.37353
2.32067 1.06877 0.950366 2.31156 0.599689 0.44508 0.366453 0.128945 0.365055 0.100974 0.210175 0.11946 0.457479
2.33976 1.08414 1.06205 2.35784 0.622182 0.461646 0.326782 0.0832287 0.36947 0.121484 0.189572 0.121654 0.558511
2.3605 1.11003 1.06297 2.40234 0.644786 0.479952 0.296053 0.0800638 0.347566 0.111229 0.177704 0.131996 0.628946
2.38183 1.15252 0.986898 2.44312 0.666438 0.497831 0.297178 0.134732 0.315815 0.123061 0.178263 0.156346 0.64157
2.41306 1.20007 0.851904 2.48285 0.688516 0.517746 0.344179 0.229582 0.297817 0.129372 0.192535 0.179054 0.59704
2.44187 1.23287 0.693714 2.5199 0.710049 0.5363 0.293857 0.138066 0.317683 0.139627 0.200071 0.189289 0.486403
2.47281 1.26909 0.558749 2.55724 0.732688 0.555634 0.275226 0.080624 0.305458 0.12385 0.211219 0.200246 0.341012
2.50405 1.30721 0.530646 2.59389 0.755924 0.574875 0.285963 0.0507392 0.282026 0.114384 0.22435 0.211519 0.207709
2.54116 1.3434 0.47451 2.62694 0.777574 0.584447 0.319972 0.0114203 0.28678 0.054431 0.240645 0.219239 0.103788
2.5825 1.37364 0.456352 2.66139 0.800538 0.591973 0.35143 0.000135961 0.307325 0.0631085 0.254323 0.219606 0.0369216
2.62609 1.39792 0.44577 2.69866 0.825764 0.598599 0.37062 -0.0301623 0.333983 0.0339208 0.262449 0.213559 0.00205059
2.66388 1.41926 0.379063 2.74186 0.855421 0.6048 0.408657 -0.00180299 0.357245 0.0520644 0.256448 0.208161 -0.0420454
2.70346 1.4363 0.445014 2.78452 0.884936 0.605344 0.385462 -0.0871126 0.382883 -0.0181437 0.247098 0.19952 -0.0499638
2.73988 1.45317 0.660266 2.82937 0.91591 0.601037 0.394431 -0.0618354 0.388317 -0.0607419 0.23001 0.19371 0.00532176
2.77295 1.47576 0.656937 2.87784 0.948738 0.589855 0.503884 0.117568 0.398334 -0.0567975 0.205987 0.196312 0.0692954
2.79942 1.49355 0.916046 2.92508 0.98007 0.581087 0.465463 0.100158 0.417181 -0.0607419 0.176825 0.198179 0.212309
2.83182 1.51811 1.10999 2.97526 1.01278 0.57536 0.38162 0.00663231 0.427369 0.00236656 0.154632 0.202018 0.38428
2.8574 1.53459 1.17817 3.02617 1.04571 0.573301 0.333129 -0.0513836 0.42618 -0.0110439 0.123392 0.202258 0.515814
2.88594 1.56516 1.12801 3.07715 1.07857 0.571952 0.288371 -0.0295616 0.39392 -0.0110439 0.102603 0.212643 0.634932
2.90832 1.60569 1.04409 3.12151 1.10704 0.570106 0.278907 0.0309844 0.363697 0 0.0896506 0.234848 0.668789
2.93286 1.65051 0.938315 3.16226 1.13313 0.56865 0.30605 0.102438 0.332285 -0.0118328 0.0853128 0.259487 0.627326
2.9661 1.69616 0.821698 3.20305 1.15923 0.571254 0.250986 0.0757524 0.315985 0.0354985 0.090986 0.279789 0.535606
2.99278 1.73942 0.767287 3.23852 1.18225 0.581016 0.273717 0.128319 0.295779 0.0694192 0.100401 0.300623 0.435663
3.02871 1.77085 0.534812 3.27125 1.20399 0.593559 0.221147 0.0855811 0.274386 0.0993958 0.115997 0.305559 0.2958
3.06668 1.81047 0.476023 3.30283 1.22568 0.612479 0.25734 0.114501 0.256727 0.135683 0.142967 0.314258 0.161306
3.10794 1.83843 0.419748 3.33178 1.24637 0.629566 0.287897 0.0855567 0.258765 0.113595 0.167673 0.310348 0.0437319
3.14879 1.86339 0.402196 3.36389 1.27017 0.646298 0.321537 0.0470648 0.27931 0.0970292 0.18554 0.303118 -0.0642723
3.18455 1.88757 0.402679 3.39635 1.29502 0.661018 0.348291 0.0167196 0.304269 0.100974 0.196583 0.297766 -0.112026
3.2304 1.90796 0.441317 3.43174 1.3229 0.674081 0.332918 -0.0359399 0.329398 0.11044 0.207876 0.282763 -0.133766
3.27198 1.92531 0.630536 3.46833 1.35236 0.678897 0.296717 -0.16323 0.338567 -0.0126217 0.206964 0.26921 -0.0858845
3.30741 1.95269 0.62985 3.50635 1.38287 0.67246 0.465532 0.0687901 0.315815 -0.0678416 0.199317 0.269684 -0.0225341
3.34684 1.97694 0.907619 3.54207 1.411 0.66142 0.36112 -0.0758763 0.334492 -0.0883518 0.193558 0.266515 0.114741
3.38629 2.00186 1.04698 3.58075 1.44076 0.649504 0.320571 -0.145021 0.359791 -0.0686304 0.184481 0.264461 0.278072
3.41618 2.02822 1.06914 3.62278 1.47235 0.638452 0.303802 -0.130205 0.34468 -0.0757302 0.165367 0.269498 0.398775
3.44542 2.0663 1.04305 3.65938 1.49921 0.627093 0.280663 -0.099796 0.314117 -0.0978181 0.159521 0.284739 0.513435
3.47481 2.11196 0.934594 3.6936 1.52366 0.612053 0.295862 -0.0101027 0.289497 -0.0970293 0.158933 0.307214 0.535218
3.50486 2.15159 0.802832 3.72646 1.54646 0.601759 0.263142 -0.00684213 0.291704 -0.0394428 0.159889 0.324289 0.484476
3.53615 2.18823 0.615412 3.76138 1.57034 0.597842 0.209836 -0.058519 0.272688 -0.0283988 0.16162 0.337495 0.37496
3.56722 2.22874 0.609481 3.79104 1.59048 0.595511 0.199846 -0.0664733 0.247558 -0.00315538 0.172731 0.353933 0.268899
3.6025 2.26036 0.483765 3.81751 1.6084 0.593843 0.232241 -0.0367226 0.218524 -0.0149883 0.186606 0.360651 0.15786
3.64193 2.28858 0.435987 3.8449 1.62685 0.591003 0.265002 -0.0271109 0.230919 -0.0157771 0.200169 0.362582 0.0689888
3.68165 2.31544 0.41943 3.87301 1.64561 0.585264 0.285063 -0.0545582 0.247388 -0.0560088 0.210516 0.364056 0.0257324
3.71788 2.33688 0.373324 3.90457 1.66641 0.579903 0.311849 -0.053815 0.275744 -0.0504867 0.211211 0.363152 -0.0279464
3.75089 2.35306 0.296858 3.94174 1.69057 0.572023 0.327137 -0.0683066 0.304099 -0.0528534 0.198166 0.360341 -0.0667924
3.79035 2.36312 0.31913 3.97947 1.71469 0.564485 0.325625 -0.0895823 0.327701 -0.0631084 0.187115 0.34901 -0.0884691
3.82134 2.3773 0.574043 4.01817 1.73891 0.552487 0.404178 0.0400346 0.322097 -0.0970293 0.167476 0.346707 -0.0378175
3.85087 2.38935 0.56939 4.05815 1.76325 0.540051 0.505719 0.191375 0.341454 -0.0954515 0.144152 0.343575 0.0236353
3.8859 2.4039 0.883883 4.10464 1.79074 0.527295 0.38107 -0.00302767 0.373714 -0.0954515 0.119512 0.339944 0.183147
3.91772 2.41835 0.946359 4.15079 1.81734 0.52042 0.337494 0.0020042 0.378808 -0.0134106 0.0966325 0.337338 0.346829
3.94661 2.44038 0.95392 4.19606 1.84328 0.520373 0.309644 0.00771348 0.361489 -0.016566 0.0804553 0.342094 0.441846
3.96752 2.45899 0.951625 4.24092 1.86897 0.519308 0.300257 0.0481631 0.342642 -0.00631088 0.0554607 0.347921 0.538469
3.99006 2.48866 0.909836 4.2792 1.89086 0.520207 0.296189 0.098571 0.306476 0.0102551 0.0462549 0.362438 0.544058
4.02956 2.54022 0.835373 4.31568 1.91191 0.529448 0.315589 0.190659 0.294251 0.0970292 0.0703868 0.38679 0.50707
4.06311 2.58339 0.750488 4.3517 1.93333 0.545754 0.280419 0.175315 0.306307 0.162504 0.0907587 0.405431 0.439907
4.09233 2.61401 0.45224 4.38982 1.95707 0.570485 0.241093 0.136562 0.289667 0.171971 0.104394 0.413557 0.29033
4.13056 2.64658 0.306448 4.42167 1.97799 0.593369 0.289956 0.147466 0.26233 0.156982 0.132497 0.417079 0.116598
4.17637 2.67354 0.251408 4.45186 1.99884 0.616928 0.332491 0.12059 0.268103 0.160138 0.165629 0.409704 -0.052952
4.22048 2.70093 0.255831 4.48687 2.02428 0.641044 0.376933 0.0997904 0.304948 0.192481 0.19115 0.40163 -0.200731
4.22048 2.70093 0.255831 4.5221 2.0512 0.665076 0.394403 0.0287471 0.32855 0.150671 0.163621 0.397386 -0.273866
4.22048 2.70093 0.255831 4.56012 2.08173 0.68899 0.412647 0.0068526 0.357414 0.177493 0.13149 0.393886 -0.310434
4.22048 2.70093 0.255831 4.60019 2.11546 0.711402 0.422071 -0.052563 0.376941 0.129372 0.0946316 0.391373 -0.33174
4.22048 2.70093 0.255831 4.64413 2.15393 0.72598 0.426517 -0.120715 0.393241 0.0504868 0.0463067 0.390318 -0.346318
4.22048 2.70093 0.255831 4.68563 2.19092 0.728003 0.426286 -0.183097 0.405975 -0.0354985 -0.00788766 0.390228 -0.348342
