0.050939 0.810812 0.576419 -2.80159e-05 0.7 0.000106496 0.0538124 -0.237035 0 0 0.0509788 0.110807 0.576313
0.050939 0.810812 0.576419 -2.80159e-05 0.7 0.000106496 0.0581343 -0.255245 0 0 0.0509788 0.110807 0.576313
0.0714856 0.834673 0.565976 0.000399863 0.7 -0.00095846 0.0760045 0.0122993 0.00848965 0.0394428 0.0709566 0.134741 0.566934
0.0923279 0.833201 -0.251832 0.00213429 0.699995 -0.0048278 0.0836404 -0.019651 0.0152814 0.00788855 0.0895495 0.13364 -0.247004
0.0908354 0.828329 0.271815 0.0057406 0.699969 -0.0094426 0.0970806 -0.256822 0.0191866 0.00552199 0.083879 0.129158 0.281257
0.118178 0.833553 -0.306383 0.0111575 0.699905 -0.0154892 0.12804 -0.102674 0.0415993 -0.0970292 0.104937 0.135289 -0.290894
0.141766 0.83595 -0.265144 0.0177322 0.699774 -0.0249554 0.162887 -0.122076 0.0643516 -0.104918 0.120598 0.139228 -0.240189
0.14033 0.836604 -0.195809 0.0268029 0.699509 -0.0343625 0.156352 -0.240772 0.0872736 -0.102551 0.10875 0.140915 -0.161447
0.169063 0.831798 -0.272627 0.0370591 0.699111 -0.0436868 0.201777 -0.12009 0.105102 -0.106495 0.126083 0.138325 -0.22894
0.165928 0.834566 -0.416068 0.0497941 0.698499 -0.0533897 0.194396 -0.134663 0.130231 -0.0938738 0.108707 0.14207 -0.362679
0.191317 0.828079 -0.563029 0.0645136 0.697649 -0.0627495 0.214924 -0.0615752 0.149588 -0.0938738 0.118375 0.138125 -0.50028
0.22528 0.810452 -0.383537 0.0812723 0.696521 -0.0722749 0.24342 -0.0881412 0.171831 -0.0978181 0.135404 0.124032 -0.311262
0.217473 0.816434 -0.632312 0.100536 0.695037 -0.0795876 0.257439 -0.0100784 0.193734 -0.0986069 0.106915 0.130309 -0.552724
0.245389 0.801754 -0.663108 0.120584 0.693303 -0.0915033 0.278043 0.0556949 0.214279 -0.0836187 0.114373 0.119401 -0.571605
0.279828 0.777132 -0.418837 0.143345 0.691114 -0.100993 0.271705 -0.0173788 0.234484 -0.0844075 0.127115 0.0993405 -0.317844
0.274907 0.785282 -0.651213 0.168045 0.688508 -0.11001 0.308732 0.107627 0.255878 -0.0970292 0.0955909 0.107921 -0.541203
0.305129 0.768569 -0.574168 0.194235 0.685516 -0.117678 0.316085 0.183428 0.269801 -0.0765189 0.100376 0.0954975 -0.456491
0.33747 0.751603 -0.0892569 0.221487 0.682242 -0.120458 0.322022 0.00117468 0.274555 -0.00236656 0.106807 0.0827955 0.0312013
0.334884 0.753217 -0.396341 0.249692 0.678852 -0.118447 0.325803 0.282008 0.289837 0.0228768 0.0758073 0.0839111 -0.277895
0.367954 0.74086 -0.0229726 0.279593 0.675337 -0.113962 0.351238 0.127922 0.300534 0.0694193 0.0803372 0.0751456 0.0909894
0.401865 0.735976 0.0563859 0.309947 0.67202 -0.102307 0.362405 0.144301 0.307835 0.111229 0.0849063 0.0730098 0.158693
0.396972 0.733449 0.0931427 0.342459 0.668846 -0.0914678 0.362745 0.191189 0.333813 0.13095 0.0483842 0.0693121 0.18461
0.437499 0.738396 0.176926 0.376704 0.665892 -0.078854 0.393052 0.123114 0.349434 0.137261 0.0548948 0.0770674 0.25578
0.478019 0.749746 0.254139 0.412486 0.663305 -0.0642759 0.39715 0.104125 0.363187 0.150671 0.0598456 0.0904717 0.318415
0.470397 0.736421 0.330182 0.450133 0.661141 -0.0493429 0.423241 0.0693972 0.383562 0.147516 0.0165262 0.0761875 0.379525
0.520037 0.760924 0.263441 0.489713 0.659433 -0.0358417 0.431941 0.0952386 0.406145 0.143572 0.0266686 0.102513 0.299282
0.566911 0.77191 0.209647 0.531122 0.658194 -0.0228492 0.447596 0.104953 0.422615 0.119117 0.0331823 0.114504 0.232496
0.558988 0.758215 0.293836 0.574277 0.657447 -0.0108152 0.483768 0.0228208 0.440953 0.133317 -0.0163775 0.100597 0.304651
0.616167 0.782163 0.0927641 0.619308 0.657187 -1.18337e-05 0.473174 0.116398 0.456913 0.0859852 -0.00314221 0.124976 0.0927759
0.607034 0.770954 0.20933 0.666116 0.657413 0.0110045 0.513883 0.0103888 0.477288 0.114384 -0.0578295 0.114184 0.198325
0.656448 0.781629 0.106506 0.713866 0.658199 0.0226599 0.525433 0.0174587 0.487476 0.114384 -0.0546067 0.1247 0.0838465
0.71928 0.78508 -0.147849 0.763293 0.65957 0.0344217 0.504596 0.0831754 0.498343 0.147516 -0.0396668 0.126951 -0.182271
0.707677 0.787943 0.00655071 0.813867 0.661523 0.0432727 0.535777 -0.00528065 0.506323 0.0867741 -0.100621 0.130896 -0.0367219
0.760885 0.789506 -0.0910148 0.864215 0.663878 0.0513427 0.538846 0.00835053 0.519227 0.0915072 -0.0967459 0.130766 -0.142357
0.822818 0.778405 -0.277814 0.916531 0.666737 0.0577797 0.528915 0.0302545 0.532301 0.0670527 -0.0871081 0.116893 -0.335594
0.81443 0.786918 -0.198068 0.969438 0.669887 0.0613769 0.526083 -0.0357863 0.527547 0.0228767 -0.147538 0.126319 -0.259445
0.86606 0.780551 -0.31216 1.02227 0.673173 0.0620987 0.517316 -0.0177205 0.537055 0.00867745 -0.149249 0.116865 -0.374259
0.924173 0.760376 -0.34348 1.07429 0.676336 0.0592707 0.495719 -0.0420605 0.510228 -0.0134106 -0.144879 0.0927849 -0.402751
0.914238 0.770839 -0.421149 1.12537 0.679327 0.0579454 0.471377 0.0223831 0.50853 0.0102552 -0.205482 0.103586 -0.479094
0.972614 0.744013 -0.324582 1.17478 0.682132 0.055212 0.453811 -0.037431 0.483571 -0.0189325 -0.198446 0.0729427 -0.379794
1.01041 0.737833 -0.152583 1.22222 0.684702 0.0530111 0.43342 -0.0377685 0.47593 -0.00709982 -0.208703 0.0642803 -0.205594
0.996738 0.742311 -0.487996 1.26776 0.687068 0.0507155 0.392901 0.080315 0.449952 -0.0126217 -0.267875 0.0689119 -0.538712
1.04512 0.725884 -0.026381 1.31122 0.689234 0.0485264 0.368491 0.0574028 0.431614 -0.0173548 -0.264 0.0495148 -0.0749074
1.07848 0.711609 0.0403386 1.35276 0.691219 0.0469645 0.332454 0.108115 0.406994 -0.0102551 -0.273021 0.0332436 -0.00662592
1.06931 0.713085 -0.284874 1.39236 0.693036 0.0447281 0.321205 0.212142 0.390524 0.00788857 -0.321826 0.0344738 -0.329602
1.10818 0.706546 0.112078 1.43057 0.694719 0.0435212 0.292004 0.155843 0.372186 -0.0141994 -0.321569 0.0258415 0.0685572
1.13708 0.704384 0.522728 1.46575 0.696257 0.0439235 0.277419 -0.0543019 0.353849 0.00946626 -0.327997 0.0225515 0.478805
1.13388 0.701042 0.297627 1.49984 0.697773 0.0450358 0.247486 0.123458 0.333134 0 -0.365445 0.0197421 0.252591
1.16377 0.709809 0.616336 1.53181 0.699229 0.0461362 0.247325 -0.0929452 0.314457 0.0173548 -0.367162 0.027543 0.5702
1.15984 0.705005 0.533504 1.5618 0.700624 0.0472485 0.210771 -0.0187881 0.293063 0.00157775 -0.401298 0.0233609 0.486255
1.18335 0.714503 0.610241 1.5897 0.701954 0.0483726 0.203697 -0.0549752 0.274216 0.0149883 -0.405265 0.0321828 0.561868
1.21567 0.742636 0.699283 1.6157 0.703221 0.0497334 0.191747 0.0237205 0.252482 0.0134106 -0.397573 0.0592525 0.64955
1.2081 0.728194 0.605354 1.63942 0.704398 0.0502304 0.183991 -0.0560925 0.233126 0.0134105 -0.42958 0.0454227 0.555124
1.23698 0.744568 0.577707 1.66129 0.705507 0.0513545 0.18245 -0.0644335 0.211732 0.00709969 -0.421753 0.0607908 0.526353
1.27628 0.78 0.687636 1.68101 0.706526 0.0515438 0.150538 0.0669092 0.195941 0.00473313 -0.400411 0.0942287 0.636093
1.27271 0.763884 0.534737 1.69964 0.707464 0.0485738 0.170916 -0.0944666 0.181679 -0.0331319 -0.423689 0.0770824 0.486163
1.31175 0.784547 0.453726 1.71671 0.708267 0.0436868 0.176199 -0.109729 0.170982 -0.0575865 -0.401238 0.0938934 0.410039
1.3594 0.806455 -0.00548182 1.7342 0.708953 0.0336289 0.179887 -0.0959896 0.174377 -0.098607 -0.371306 0.110049 -0.0391107
1.35323 0.804783 0.341311 1.75199 0.709468 0.0232752 0.199353 -0.126652 0.178452 -0.0938738 -0.396434 0.10457 0.318036
1.4048 0.818304 -0.0532268 1.77051 0.709818 0.0139746 0.207568 -0.107446 0.18898 -0.0859852 -0.364158 0.113586 -0.0672014
1.45059 0.826929 -0.0554699 1.79049 0.709996 0.00268605 0.23213 -0.145774 0.204431 -0.121484 -0.339586 0.117845 -0.058156
1.4446 0.835919 0.116511 1.81179 0.709951 -0.00762035 0.251644 -0.0970242 0.216147 -0.108073 -0.368133 0.123166 0.124132
1.50571 0.838329 0.0265311 1.83483 0.709654 -0.0191337 0.25592 -0.154064 0.234994 -0.124639 -0.331523 0.122355 0.0456648
1.55728 0.842208 0.0196957 1.85956 0.709047 -0.03157 0.265845 -0.158409 0.249935 -0.137261 -0.306335 0.123554 0.0512657
1.54686 0.851435 -0.0747235 1.88551 0.708048 -0.0470119 0.280783 -0.0754231 0.267084 -0.164871 -0.34502 0.127314 -0.0277116
1.60858 0.84261 -0.016039 1.91215 0.706609 -0.0616017 0.272981 -0.127766 0.267424 -0.128583 -0.31137 0.117054 0.0455627
1.65361 0.842087 -0.0450072 1.93944 0.704796 -0.0729494 0.270024 -0.110239 0.272178 -0.122273 -0.295071 0.116093 0.0279422
1.64143 0.852607 -0.156707 1.96633 0.702682 -0.0851017 0.251879 0.0802569 0.268613 -0.11044 -0.336465 0.121766 -0.0716052
1.69103 0.848399 0.0946264 1.99324 0.700261 -0.0941657 0.241725 -0.0247536 0.269462 -0.0780967 -0.314794 0.119066 0.188792
1.6813 0.850577 -0.0813428 2.0196 0.697731 -0.0969464 0.230647 0.193419 0.258765 -0.0283988 -0.351505 0.119383 0.0156036
1.71739 0.849468 0.0806315 2.04449 0.695282 -0.0980232 0.218712 0.235067 0.250615 0.0205103 -0.340622 0.121434 0.178655
1.76281 0.856799 0.466107 2.06927 0.692929 -0.0892906 0.193796 0.278644 0.248577 0.112017 -0.319847 0.13589 0.555398
1.75294 0.851226 0.293093 2.0936 0.690885 -0.0768306 0.195987 0.289914 0.231258 0.116751 -0.351962 0.133721 0.369924
1.78913 0.859311 0.495375 2.11603 0.689307 -0.0610101 0.182478 0.277757 0.22158 0.171182 -0.336656 0.149756 0.556385
1.82544 0.881425 0.796935 2.13715 0.688195 -0.0416752 0.161508 0.264307 0.207317 0.196425 -0.319484 0.180075 0.83861
1.82426 0.873413 0.661107 2.15608 0.687571 -0.0218316 0.152953 0.230104 0.187452 0.192481 -0.335798 0.178554 0.682938
1.85704 0.893047 0.751527 2.17339 0.687347 -0.00149094 0.140801 0.183929 0.169114 0.201947 -0.316657 0.205228 0.753018
1.8779 0.919666 0.824547 2.18875 0.687462 0.0188497 0.144694 0.185539 0.149757 0.195636 -0.30642 0.238022 0.805697
1.88731 0.915564 0.770221 2.20315 0.687858 0.0377822 0.137432 0.144024 0.143984 0.189325 -0.307014 0.239474 0.732439
1.9128 0.94858 0.796352 2.21743 0.688508 0.0544192 0.153256 0.148936 0.141268 0.159349 -0.290026 0.276256 0.741932
1.95747 0.982509 0.559098 2.23164 0.689377 0.0688079 0.161598 0.104964 0.144494 0.149094 -0.253371 0.311289 0.49029
1.94703 0.965972 0.65063 2.24707 0.690543 0.0829482 0.18923 0.0946111 0.154851 0.129372 -0.276197 0.299342 0.567681
1.98878 1.00345 0.219583 2.26372 0.692016 0.093787 0.194702 0.146905 0.173019 0.10334 -0.244561 0.33581 0.125796
2.03162 1.02281 0.188058 2.28202 0.693827 0.104839 0.219341 0.109031 0.188131 0.119906 -0.214603 0.353377 0.0832194
2.02367 1.02072 0.447842 2.30177 0.696035 0.119228 0.251771 0.129405 0.202903 0.149094 -0.237507 0.355458 0.328615
2.0759 1.03926 0.173922 2.3233 0.698751 0.133179 0.252648 0.137519 0.224636 0.156982 -0.199988 0.370346 0.0407436
2.12063 1.0563 0.190853 2.34684 0.702057 0.146952 0.262714 0.117794 0.240767 0.132528 -0.171905 0.383545 0.0439009
2.11352 1.06668 0.192534 2.37208 0.705951 0.160039 0.276663 0.174021 0.259783 0.134105 -0.197776 0.397323 0.032495
2.16076 1.07264 0.103413 2.39825 0.710327 0.172996 0.284678 0.165571 0.266235 0.145149 -0.171578 0.397787 -0.0695825
2.15596 1.08037 0.092838 2.4255 0.715292 0.189006 0.277932 0.251897 0.285083 0.161715 -0.196156 0.409219 -0.0961678
2.19445 1.08912 0.0555769 2.45333 0.720842 0.207749 0.263057 0.351034 0.284573 0.214569 -0.177357 0.413752 -0.152172
2.24049 1.09355 0.305664 2.4806 0.726906 0.233639 0.266519 0.277416 0.279819 0.279255 -0.148693 0.412271 0.0720246
2.22805 1.09496 0.0971011 2.50687 0.733521 0.262523 0.242699 0.433431 0.266575 0.279255 -0.175461 0.421416 -0.165422
2.25938 1.10108 0.189584 2.5325 0.740763 0.292247 0.240332 0.479946 0.265047 0.316331 -0.157725 0.423724 -0.102663
2.29383 1.1151 0.541732 2.55715 0.748599 0.327947 0.21746 0.513544 0.260972 0.38575 -0.131246 0.431782 0.213785
2.29144 1.10916 0.329271 2.58063 0.757065 0.368841 0.222018 0.557707 0.243313 0.396794 -0.142799 0.432682 -0.0395707
2.32523 1.12082 0.525604 2.6026 0.766043 0.413096 0.219138 0.605048 0.240427 0.476469 -0.11161 0.436286 0.112508
2.36093 1.14452 0.825651 2.62389 0.775966 0.465622 0.208414 0.541915 0.233805 0.535633 -0.0694956 0.447379 0.360029
2.35765 1.13732 0.761339 2.64356 0.786477 0.521852 0.206607 0.58908 0.218693 0.545888 -0.0729701 0.446675 0.239488
2.38638 1.16603 1.02143 2.66154 0.797427 0.578815 0.222764 0.504304 0.214618 0.583753 -0.0287072 0.459082 0.442612
2.40226 1.18768 1.00385 2.67859 0.809213 0.635802 0.241784 0.484612 0.20494 0.556143 0.0024062 0.468602 0.368049
2.4087 1.18168 1.07689 2.69605 0.822781 0.689464 0.251743 0.412378 0.225315 0.55141 0.00658586 0.459708 0.387429
2.42567 1.22185 0.939253 2.71352 0.837907 0.741552 0.282366 0.451162 0.231598 0.519067 0.0470632 0.477543 0.197701
2.45154 1.2567 0.933951 2.73127 0.854864 0.787238 0.302604 0.398494 0.250615 0.465425 0.0872255 0.481781 0.146712
2.44845 1.24126 1.01903 2.74952 0.873957 0.834049 0.342218 0.334915 0.272348 0.495401 0.0697695 0.469772 0.184981
2.4776 1.29385 0.776627 2.7683 0.895544 0.879676 0.335543 0.435349 0.292044 0.46858 0.121616 0.477877 -0.103049
2.50153 1.32809 0.732862 2.78733 0.919565 0.92631 0.355996 0.412085 0.310382 0.452803 0.154875 0.473902 -0.193448
2.49748 1.31161 0.847178 2.80631 0.945966 0.972209 0.416663 0.288512 0.331266 0.444126 0.128049 0.461168 -0.125031
2.53457 1.35153 0.42375 2.8252 0.974969 1.01906 0.385659 0.347364 0.351472 0.470158 0.168345 0.44489 -0.595306
2.52918 1.34772 0.752385 2.84358 1.00626 1.06387 0.444466 0.275113 0.368451 0.451225 0.145873 0.44064 -0.311482
2.56382 1.38181 0.638722 2.86122 1.03948 1.10512 0.4365 0.228305 0.378469 0.392061 0.172338 0.419452 -0.466394
2.60506 1.40687 0.33266 2.87826 1.075 1.14563 0.416247 0.27891 0.395957 0.39285 0.189642 0.385764 -0.812971
2.60013 1.41201 0.509878 2.89426 1.11196 1.18108 0.429225 0.193674 0.406654 0.343152 0.165797 0.386073 -0.671205
2.63655 1.43681 0.371586 2.90935 1.15014 1.2099 0.413179 0.167726 0.415144 0.265844 0.171871 0.356448 -0.838309
2.67862 1.45025 0.301644 2.92362 1.18923 1.23252 0.410913 0.0994044 0.420068 0.198792 0.164917 0.31773 -0.930875
2.67196 1.45625 0.250642 2.93693 1.22796 1.24718 0.384209 0.114802 0.413446 0.144361 0.13218 0.323809 -0.996539
2.71705 1.46519 0.380038 2.94962 1.2664 1.25795 0.378471 -0.0031845 0.397485 0.111229 0.117566 0.282461 -0.877911
2.75114 1.47859 0.581107 2.96155 1.30378 1.26543 0.372685 -0.0783949 0.391203 0.0631084 0.103467 0.253228 -0.68432
2.74004 1.4823 0.181444 2.97311 1.3406 1.2666 0.335336 0.0853624 0.390524 -0.0173548 0.0653851 0.264809 -1.08515
2.77979 1.49459 0.678677 2.9844 1.37638 1.26275 0.33025 0.00734417 0.370998 -0.0307654 0.0506108 0.230828 -0.584076
2.80927 1.50816 0.839621 2.99529 1.41042 1.2593 0.311037 -0.00367658 0.347566 -0.0354985 0.0360286 0.207023 -0.419677
2.80436 1.50361 0.46279 3.0057 1.44257 1.25575 0.282706 0.118978 0.330757 -0.0299765 -0.00435153 0.210351 -0.792958
2.83738 1.52383 1.07127 3.01561 1.4728 1.25294 0.292713 -0.0710374 0.315136 -0.037865 -0.00722839 0.185251 -0.181671
2.86404 1.54404 1.1501 3.0252 1.5019 1.25133 0.304278 -0.0729018 0.304609 0.00157775 -0.0106084 0.166238 -0.101237
2.86249 1.53605 0.941337 3.03474 1.53054 1.24602 0.296075 -0.119597 0.304099 -0.0717859 -0.0497416 0.165004 -0.304684
2.88598 1.56475 1.1735 3.04448 1.55913 1.23696 0.323202 -0.172567 0.299854 -0.0962404 -0.0466249 0.151596 -0.0634603
2.90506 1.58825 1.13478 3.05445 1.58741 1.22585 0.340344 -0.173081 0.302741 -0.100185 -0.0497305 0.140877 -0.0910638
2.90965 1.5892 1.08122 3.0654 1.61737 1.21359 0.361405 -0.253309 0.323456 -0.114384 -0.0808506 0.136069 -0.132369
2.92962 1.62927 1.03002 3.07735 1.64879 1.19946 0.380887 -0.188411 0.345019 -0.132528 -0.0717926 0.130581 -0.169442
2.93217 1.62351 1.02204 3.09029 1.68123 1.18182 0.404861 -0.299565 0.354698 -0.177492 -0.113372 0.124413 -0.159773
2.95705 1.66127 0.925568 3.10458 1.71531 1.16403 0.434095 -0.28725 0.375922 -0.18617 -0.108001 0.114112 -0.238463
2.99515 1.71432 0.812782 3.12016 1.75068 1.14555 0.430192 -0.243444 0.396976 -0.181437 -0.0846903 0.0988807 -0.332766
2.98665 1.70113 0.824186 3.13719 1.78739 1.12623 0.468614 -0.245412 0.409541 -0.159349 -0.142624 0.098809 -0.30204
3.02225 1.74205 0.726686 3.15579 1.82551 1.10631 0.487485 -0.248715 0.433312 -0.181437 -0.134437 0.0820001 -0.379625
3.06827 1.78632 0.436886 3.17612 1.86516 1.0858 0.458056 -0.232851 0.454196 -0.194847 -0.120037 0.0586575 -0.648918
3.065 1.78216 0.639608 3.19792 1.90559 1.06389 0.496192 -0.291649 0.462686 -0.245334 -0.17244 0.0562933 -0.424282
3.11262 1.82213 0.383906 3.22084 1.94587 1.04097 0.461622 -0.244076 0.465403 -0.221668 -0.161466 0.030849 -0.657064
3.15746 1.85196 0.33566 3.24483 1.98587 1.01777 0.456511 -0.266836 0.464893 -0.252434 -0.159844 0.00400605 -0.682106
3.15849 1.85368 0.428994 3.26932 2.02457 0.992207 0.4438 -0.229069 0.452329 -0.250856 -0.203682 -0.00065667 -0.563213
3.20861 1.87542 0.33157 3.29454 2.0622 0.96621 0.434985 -0.248598 0.449103 -0.245334 -0.202522 -0.0354776 -0.63464
3.25489 1.89773 0.34906 3.31986 2.09806 0.942639 0.413831 -0.256466 0.431274 -0.257167 -0.200268 -0.0651561 -0.593579
3.24691 1.90332 0.287559 3.34555 2.1326 0.917601 0.386805 -0.13309 0.42635 -0.270577 -0.242024 -0.0610022 -0.630042
3.30119 1.91877 0.709931 3.37097 2.16507 0.893556 0.384385 -0.223599 0.411578 -0.216146 -0.235675 -0.0999626 -0.183625
3.34027 1.94027 0.795534 3.39629 2.19595 0.872222 0.354777 -0.135247 0.389166 -0.198792 -0.231819 -0.121536 -0.0766882
3.32757 1.93587 0.496563 3.42112 2.22493 0.849822 0.34663 -0.0755162 0.374224 -0.219302 -0.27889 -0.120544 -0.353259
3.37686 1.95907 0.860413 3.4456 2.25232 0.831943 0.320909 -0.0906851 0.367602 -0.160138 -0.263078 -0.14667 0.0284703
3.40843 1.98303 1.00981 3.46978 2.27851 0.817424 0.300928 -0.0920471 0.346548 -0.130161 -0.257482 -0.157396 0.192385
3.4031 1.97966 0.819606 3.49297 2.30293 0.803225 0.313933 -0.0790533 0.327191 -0.150671 -0.295025 -0.159801 0.0163817
3.44338 2.01323 1.16827 3.5154 2.3259 0.791131 0.295085 -0.125507 0.31972 -0.10334 -0.27299 -0.168601 0.377137
3.43918 2.01095 0.968846 3.53732 2.34791 0.782564 0.294559 -0.0672208 0.305797 -0.0765189 -0.307182 -0.169738 0.186282
3.47068 2.04609 1.07931 3.55853 2.36883 0.774104 0.286758 -0.123852 0.296119 -0.070997 -0.288438 -0.169354 0.305211
3.48964 2.08023 1.08388 3.57969 2.38936 0.765241 0.304238 -0.10887 0.294082 -0.0993958 -0.279083 -0.160574 0.318643
3.49745 2.08232 1.12341 3.60083 2.40944 0.752722 0.297344 -0.210701 0.297138 -0.119906 -0.299079 -0.16807 0.370686
3.52051 2.11852 1.07532 3.62305 2.43002 0.738807 0.317029 -0.275348 0.304609 -0.183015 -0.285571 -0.161232 0.336513
3.5485 2.16393 0.787988 3.64558 2.45018 0.718135 0.33075 -0.229692 0.305797 -0.216935 -0.261454 -0.151673 0.0698529
3.54279 2.15563 0.954027 3.66951 2.47065 0.694256 0.349486 -0.312823 0.322267 -0.246123 -0.298942 -0.161022 0.259771
3.56817 2.19365 0.800465 3.69529 2.49163 0.669679 0.370531 -0.303967 0.334492 -0.268211 -0.28463 -0.154716 0.130786
3.61147 2.24163 0.626555 3.72232 2.51251 0.643126 0.358894 -0.286228 0.354018 -0.284777 -0.251155 -0.15028 -0.0165711
3.60028 2.23168 0.647473 3.7513 2.53365 0.614787 0.39186 -0.290453 0.36132 -0.28241 -0.297539 -0.159567 0.0326863
3.65117 2.26728 0.526565 3.78126 2.55423 0.586305 0.368189 -0.251815 0.3693 -0.261111 -0.267134 -0.167049 -0.0597397
3.68874 2.28794 0.420939 3.81269 2.57454 0.558675 0.366022 -0.231264 0.368621 -0.264267 -0.257014 -0.177324 -0.137737
3.68386 2.29626 0.36634 3.84393 2.59357 0.534158 0.364267 -0.166022 0.36913 -0.225613 -0.289137 -0.174409 -0.167817
3.72737 2.31134 0.295401 3.87554 2.61187 0.513864 0.358585 -0.123906 0.361659 -0.176704 -0.276767 -0.188881 -0.218463
3.75925 2.32789 0.242515 3.90732 2.62949 0.498908 0.361934 -0.0489801 0.364885 -0.104918 -0.274324 -0.193999 -0.256392
3.76429 2.33431 0.181172 3.93886 2.64647 0.488743 0.330585 0.102057 0.359452 -0.0623196 -0.300694 -0.193653 -0.307571
3.80269 2.34432 0.197482 3.97071 2.66332 0.48485 0.330986 0.0298315 0.353509 -0.0268211 -0.297343 -0.203923 -0.287368
3.84778 2.35777 0.663126 4.00135 2.67945 0.484507 0.304833 0.00196805 0.34434 0.00473313 -0.285725 -0.213128 0.178619
3.83278 2.35691 0.293713 4.03066 2.69489 0.48504 0.304817 0.185063 0.321758 0.00867738 -0.332637 -0.206737 -0.191327
3.88214 2.37552 0.729243 4.05845 2.70958 0.489039 0.270779 0.146262 0.313608 0.0575865 -0.312581 -0.212071 0.240204
3.87127 2.37015 0.448157 4.08564 2.72419 0.499322 0.289468 0.286583 0.307495 0.133317 -0.357722 -0.20817 -0.0511648
3.91178 2.38806 0.652157 4.11142 2.73842 0.5119 0.273756 0.263294 0.293912 0.149094 -0.345666 -0.207657 0.140257
3.95572 2.4169 1.00521 4.13656 2.75284 0.532312 0.236769 0.196222 0.285762 0.202736 -0.326319 -0.197679 0.472895
3.95123 2.41176 0.890147 4.16017 2.76707 0.554806 0.244037 0.25066 0.271499 0.227979 -0.364774 -0.191944 0.335341
3.9847 2.44075 1.08303 4.18189 2.78085 0.578401 0.221867 0.156693 0.250615 0.228768 -0.351043 -0.176974 0.504629
4.0026 2.47447 1.12165 4.20203 2.7943 0.60254 0.22875 0.181932 0.239238 0.235868 -0.345569 -0.15049 0.519114
4.00912 2.47784 1.0446 4.22101 2.80761 0.622099 0.206846 0.110978 0.230239 0.176704 -0.364365 -0.144523 0.422503
4.03041 2.51197 1.01573 4.23915 2.82085 0.639766 0.213792 0.0987409 0.219203 0.164871 -0.351862 -0.123171 0.375963
4.06045 2.56394 0.972353 4.25632 2.8338 0.652664 0.215829 0.0760826 0.21326 0.0993958 -0.3195 -0.095442 0.319689
4.05758 2.54601 1.13066 4.27322 2.84683 0.661361 0.227823 -0.062993 0.216826 0.0859852 -0.354932 -0.104948 0.469301
4.08366 2.60375 0.801062 4.29018 2.86011 0.666555 0.231547 0.0646584 0.217165 0.0354985 -0.320822 -0.0737923 0.134506
4.1166 2.63071 0.630877 4.3073 2.87357 0.667348 0.23588 -0.0317703 0.221919 0.0307654 -0.300097 -0.0727362 -0.0364709
4.11374 2.62205 1.09233 4.32511 2.88765 0.669253 0.282365 -0.221719 0.231088 0.000788844 -0.330552 -0.077165 0.423082
4.14551 2.67047 0.452118 4.34359 2.90224 0.666768 0.267225 -0.0543473 0.240257 -0.0370762 -0.298998 -0.0596239 -0.21465
4.1868 2.70574 0.432369 4.36343 2.91778 0.661799 0.283165 -0.06815 0.25435 -0.0567976 -0.269641 -0.0587327 -0.229429
4.16469 2.71062 0.495269 4.38474 2.9343 0.656509 0.393574 -0.086705 0.278121 -0.0552199 -0.310835 -0.042872 -0.16124
4.16469 2.71062 0.495269 4.40751 2.95175 0.650025 0.413461 -0.0993742 0.293912 -0.0686304 -0.339238 -0.0449924 -0.154755
4.16469 2.71062 0.495269 4.43202 2.97026 0.643505 0.434078 -0.0960693 0.313608 -0.0638972 -0.36965 -0.0473117 -0.148236
4.16469 2.71062 0.495269 4.4582 2.98977 0.636867 0.452791 -0.0810916 0.333474 -0.0457536 -0.401977 -0.0498811 -0.141597
