0.050939 0.810812 0.576419 5.09376e-06 0.8 0.000283988 0.0683633 -0.526088 0 0 0.050937 0.0107979 0.576135
0.050939 0.810812 0.576419 5.09376e-06 0.8 0.000283988 0.0738291 -0.571247 0 0 0.050937 0.0107979 0.576135
0.0690499 0.820261 0.43443 -3.56565e-05 0.8 -0.00253223 0.0942853 -0.626061 0.00815007 -0.0378651 0.069034 0.0204355 0.436963
0.0923279 0.833201 -0.251832 -5.34814e-05 0.800001 -0.0145426 0.0899745 -0.158183 -0.000169793 -0.0670527 0.0918889 0.0345399 -0.237289
0.0908354 0.828329 0.271815 0.000486261 0.799986 -0.0331674 0.11043 -0.69146 0.00798027 -0.109651 0.0893595 0.0313235 0.304982
0.118178 0.833553 -0.306383 0.00254739 0.799899 -0.0543245 0.134533 -0.227305 0.0164699 -0.216935 0.113632 0.0398822 -0.252058
0.141766 0.83595 -0.265144 0.00529405 0.799711 -0.0817649 0.16573 -0.277813 0.0276763 -0.269 0.133057 0.0472644 -0.183379
0.14033 0.836604 -0.195809 0.00997673 0.799264 -0.109395 0.147018 -0.557404 0.042618 -0.308443 0.125497 0.0513487 -0.0864148
0.169063 0.831798 -0.272627 0.0167181 0.798433 -0.137143 0.213318 -0.235761 0.0765767 -0.250067 0.146353 0.0538789 -0.135484
0.197573 0.823808 -0.327909 0.0253228 0.797133 -0.164772 0.221983 -0.215319 0.0874434 -0.294243 0.165541 0.0545672 -0.163137
0.191317 0.828079 -0.563029 0.0359989 0.795215 -0.192473 0.218876 -0.145986 0.1068 -0.314753 0.146164 0.0619672 -0.370556
0.22528 0.810452 -0.383537 0.0485402 0.792603 -0.220398 0.248028 -0.169088 0.129552 -0.287932 0.168562 0.0560553 -0.163139
0.253267 0.796569 -0.404945 0.0630637 0.789156 -0.248052 0.249411 -0.146613 0.151455 -0.285566 0.182562 0.0538832 -0.156894
0.245389 0.801754 -0.663108 0.0793507 0.784808 -0.275752 0.300318 0.131677 0.171831 -0.28241 0.155151 0.0615128 -0.387356
0.279828 0.777132 -0.418837 0.093732 0.780587 -0.297844 0.270471 -0.0194449 0.189489 -0.287143 0.178916 0.0513092 -0.120993
0.30772 0.765965 -0.181622 0.116109 0.77337 -0.328988 0.281079 -0.116574 0.215467 -0.272155 0.183727 0.0548995 0.147366
0.305129 0.768569 -0.574168 0.137098 0.765927 -0.354287 0.341522 0.438005 0.228202 -0.246123 0.156679 0.0607716 -0.219881
0.33747 0.751603 -0.0892569 0.159405 0.757399 -0.377278 0.323246 -0.0633547 0.239069 -0.212991 0.167677 0.0602098 0.288021
0.334884 0.753217 -0.396341 0.182122 0.7482 -0.39343 0.343407 0.553624 0.252312 -0.159349 0.139168 0.0631966 -0.0029113
0.365071 0.741116 -0.147999 0.205907 0.738147 -0.406363 0.331973 0.462192 0.261142 -0.102551 0.145028 0.0656399 0.258364
0.401865 0.735976 0.0563859 0.229851 0.727759 -0.411049 0.348172 0.223289 0.26267 -0.0197214 0.154402 0.0762653 0.467435
0.396972 0.733449 0.0931427 0.254223 0.717159 -0.408742 0.329786 0.324878 0.269122 0.0244545 0.124515 0.0716851 0.501884
0.432052 0.731751 0.256489 0.279884 0.706095 -0.40344 0.34298 0.193503 0.282705 0.0954515 0.129879 0.0833347 0.65993
0.478019 0.749746 0.254139 0.306525 0.694888 -0.391986 0.354526 0.159638 0.293572 0.104918 0.13753 0.116212 0.646125
0.470397 0.736421 0.330182 0.334971 0.683282 -0.381633 0.379695 0.102975 0.314796 0.121484 0.105892 0.099753 0.711815
0.520037 0.760924 0.263441 0.365613 0.671176 -0.369989 0.389277 0.165237 0.337209 0.118328 0.111521 0.139516 0.63343
0.566911 0.77191 0.209647 0.398036 0.658782 -0.359186 0.409019 0.232952 0.356226 0.118328 0.118332 0.16527 0.568833
0.558988 0.758215 0.293836 0.432742 0.645952 -0.347921 0.449811 0.0237398 0.377959 0.115173 0.080407 0.14858 0.641757
0.616167 0.782163 0.0927641 0.468964 0.633031 -0.336183 0.441778 0.312909 0.392222 0.11044 0.089766 0.189344 0.428947
0.668491 0.785093 -0.0148812 0.507146 0.619943 -0.322196 0.459219 0.154229 0.402579 0.160138 0.100747 0.207741 0.307315
0.656448 0.781629 0.106506 0.546744 0.607067 -0.304482 0.501233 0.092031 0.421936 0.202736 0.0523246 0.199422 0.410989
0.71928 0.78508 -0.147849 0.588407 0.594338 -0.286721 0.490515 0.140827 0.441462 0.167237 0.071587 0.219967 0.138872
0.767203 0.783314 -0.191709 0.632407 0.581745 -0.269398 0.516141 0.150052 0.4598 0.175126 0.0762858 0.230175 0.0776895
0.760885 0.789506 -0.0910148 0.678366 0.569479 -0.250998 0.548135 0.0744807 0.486627 0.178281 0.0252847 0.233628 0.159983
0.822818 0.778405 -0.277814 0.726684 0.557496 -0.233367 0.54568 0.180324 0.505813 0.209047 0.0424424 0.237152 -0.0444468
0.81443 0.786918 -0.198068 0.777168 0.545925 -0.21531 0.558488 0.102161 0.526189 0.198003 -0.0150867 0.24339 0.0172419
0.86606 0.780551 -0.31216 0.829765 0.534873 -0.197596 0.558598 0.163544 0.546903 0.204314 -0.0126416 0.248023 -0.114563
0.924173 0.760376 -0.34348 0.883794 0.524408 -0.182947 0.56881 0.108644 0.562185 0.155404 -0.00322394 0.239377 -0.160532
0.914238 0.770839 -0.421149 0.939016 0.514607 -0.167529 0.553476 0.195793 0.569825 0.149883 -0.0671568 0.248513 -0.25362
0.957113 0.757692 -0.483075 0.994724 0.505492 -0.154466 0.530199 0.296436 0.564901 0.17907 -0.0759645 0.24341 -0.32861
1.01041 0.737833 -0.152583 1.04987 0.497336 -0.136657 0.510442 0.128374 0.562355 0.20668 -0.0718548 0.23288 -0.0159253
0.996738 0.742311 -0.487996 1.10376 0.490436 -0.115488 0.476757 0.396353 0.538923 0.212991 -0.135333 0.237866 -0.372508
1.03355 0.726612 -0.420267 1.15587 0.484875 -0.094639 0.432993 0.472179 0.509209 0.19327 -0.144621 0.229096 -0.325628
1.07848 0.711609 0.0403386 1.2065 0.480598 -0.0714703 0.401446 0.437441 0.502927 0.203525 -0.144182 0.22128 0.111809
1.06931 0.713085 -0.284874 1.2552 0.47762 -0.0479466 0.379342 0.660971 0.48391 0.249278 -0.19696 0.226286 -0.236927
1.10818 0.706546 0.112078 1.30213 0.475853 -0.024139 0.347226 0.580758 0.462007 0.2548 -0.199466 0.225944 0.136217
1.13708 0.704384 0.522728 1.34784 0.475321 0.00379834 0.347941 0.0971486 0.458441 0.298187 -0.209884 0.229862 0.51893
1.13388 0.701042 0.297627 1.39141 0.476013 0.0311913 0.311513 0.482176 0.434161 0.264267 -0.250389 0.232951 0.266436
1.16377 0.709809 0.616336 1.43307 0.477829 0.0588565 0.315514 -0.0227327 0.410729 0.286354 -0.255192 0.247419 0.55748
1.18976 0.723957 0.670559 1.47258 0.480642 0.0864507 0.302198 0.228551 0.390694 0.275311 -0.260753 0.266826 0.584108
1.18335 0.714503 0.610241 1.51005 0.484358 0.114353 0.276992 0.0530315 0.3693 0.267422 -0.298301 0.265919 0.495888
1.21567 0.742636 0.699283 1.5451 0.488816 0.141615 0.268395 0.225707 0.345699 0.268211 -0.290304 0.297775 0.557668
1.24278 0.762118 0.635594 1.57834 0.49398 0.1696 0.249958 0.372266 0.329568 0.259533 -0.285493 0.320931 0.465994
1.23698 0.744568 0.577707 1.60939 0.499685 0.197194 0.265676 0.0554147 0.308005 0.279255 -0.317224 0.313101 0.380513
1.27628 0.78 0.687636 1.63878 0.50593 0.222931 0.240977 0.310785 0.300194 0.231924 -0.292942 0.347435 0.464706
1.27271 0.763884 0.534737 1.66719 0.512633 0.242632 0.264403 -0.00943105 0.28678 0.207469 -0.322556 0.338668 0.292105
1.31175 0.784547 0.453726 1.69395 0.519512 0.260807 0.270576 -0.0412321 0.274555 0.166449 -0.300928 0.354626 0.192919
1.3594 0.806455 -0.00548182 1.72096 0.526845 0.268783 0.260513 -0.031054 0.276253 0.0512756 -0.27432 0.365584 -0.274265
1.35323 0.804783 0.341311 1.7469 0.534009 0.269777 0.281915 -0.143027 0.269631 0.011044 -0.307261 0.365898 0.0715343
1.39732 0.822508 0.219524 1.77256 0.541075 0.266227 0.287878 -0.134732 0.261991 -0.0575865 -0.287976 0.370241 -0.0467031
1.45059 0.826929 -0.0554699 1.79873 0.54811 0.257897 0.29024 -0.207959 0.27914 -0.093085 -0.265521 0.358392 -0.313367
1.4446 0.835919 0.116511 1.82606 0.555165 0.244526 0.312801 -0.173465 0.284403 -0.161715 -0.302142 0.364751 -0.128014
1.49525 0.845821 0.0153506 1.85433 0.561964 0.225214 0.325169 -0.127642 0.297308 -0.19958 -0.286622 0.356876 -0.209864
1.55728 0.842208 0.0196957 1.8847 0.568652 0.20724 0.306955 -0.25637 0.315136 -0.176704 -0.264125 0.335072 -0.187545
1.54686 0.851435 -0.0747235 1.91575 0.57494 0.189278 0.321978 -0.0401696 0.313778 -0.200369 -0.310286 0.340965 -0.264001
1.60858 0.84261 -0.016039 1.94662 0.580559 0.169517 0.296352 -0.215212 0.314966 -0.183803 -0.288985 0.315325 -0.185556
1.65361 0.842087 -0.0450072 1.97739 0.585624 0.154785 0.28432 -0.174422 0.307835 -0.15856 -0.280364 0.303312 -0.199793
1.64143 0.852607 -0.156707 2.00694 0.590005 0.137296 0.259625 0.204734 0.292384 -0.187748 -0.326126 0.310156 -0.294003
1.69103 0.848399 0.0946264 2.03524 0.593701 0.121949 0.241473 -0.0353038 0.285252 -0.115173 -0.310667 0.294678 -0.0273228
1.72639 0.854671 0.353368 2.06271 0.596954 0.113619 0.218703 0.270061 0.275404 -0.0804633 -0.304927 0.294185 0.239749
1.71739 0.849468 0.0806315 2.08912 0.599874 0.10743 0.210899 0.426102 0.264877 -0.0394428 -0.342821 0.288013 -0.0267988
1.76281 0.856799 0.466107 2.11564 0.602755 0.110885 0.190191 0.434313 0.266745 0.0733636 -0.322553 0.291528 0.355222
1.79527 0.867782 0.605562 2.14152 0.605749 0.121417 0.175099 0.425255 0.257236 0.119117 -0.311957 0.302041 0.484145
1.78913 0.859311 0.495375 2.16572 0.608854 0.135237 0.18307 0.373415 0.23822 0.128583 -0.339386 0.298945 0.360138
1.82544 0.881425 0.796935 2.18868 0.612137 0.1512 0.169959 0.32951 0.228032 0.171182 -0.318533 0.320928 0.645735
1.82426 0.873413 0.661107 2.2101 0.61558 0.170168 0.166209 0.281422 0.214279 0.203525 -0.336604 0.319451 0.490939
1.85704 0.893047 0.751527 2.2296 0.619102 0.189325 0.153477 0.149678 0.191187 0.189325 -0.31435 0.339166 0.562202
1.8779 0.919666 0.824547 2.24712 0.622621 0.209358 0.170006 0.166153 0.175226 0.189325 -0.299428 0.367296 0.615188
1.88731 0.915564 0.770221 2.26345 0.62624 0.228007 0.159661 0.0782043 0.166907 0.182226 -0.301009 0.366858 0.542214
1.91689 0.940297 0.730108 2.27999 0.630196 0.24236 0.182692 0.0305339 0.169793 0.129372 -0.278065 0.38818 0.487748
1.95747 0.982509 0.559098 2.2964 0.634333 0.251779 0.1912 -0.0103412 0.171151 0.0883518 -0.241506 0.421636 0.307319
1.94703 0.965972 0.65063 2.31363 0.638814 0.256914 0.223035 -0.0284981 0.179981 0.0347096 -0.271441 0.409574 0.393715
1.98219 0.99311 0.554958 2.33208 0.643679 0.258607 0.253673 -0.0170355 0.195432 0.00552201 -0.248888 0.427289 0.296351
2.03162 1.02281 0.188058 2.35238 0.649067 0.259873 0.244774 0.00131174 0.212241 0.00631085 -0.213962 0.443614 -0.0718143
2.02367 1.02072 0.447842 2.37453 0.654974 0.262642 0.286653 0.0202408 0.230919 0.0410205 -0.243868 0.444298 0.185201
2.0759 1.03926 0.173922 2.39864 0.661451 0.262216 0.278983 -0.0116561 0.255199 -0.00552201 -0.213772 0.448559 -0.0882934
2.12063 1.0563 0.190853 2.42463 0.668422 0.262464 0.291439 0.0107592 0.277102 0.0236656 -0.192952 0.453469 -0.0716112
2.11352 1.06668 0.192534 2.4519 0.675739 0.261884 0.309811 0.115877 0.285083 -0.00394432 -0.225628 0.465218 -0.0693502
2.16076 1.07264 0.103413 2.48004 0.683297 0.264523 0.315919 0.123519 0.298157 0.0646862 -0.206376 0.459277 -0.16111
2.20065 1.08464 0.104059 2.50919 0.69129 0.271599 0.319867 0.20462 0.305967 0.0788856 -0.191701 0.461708 -0.16754
2.19445 1.08912 0.0555769 2.53881 0.699697 0.284 0.281559 0.465987 0.314117 0.167237 -0.221454 0.470308 -0.228423
2.24049 1.09355 0.305664 2.56892 0.708763 0.304447 0.280647 0.232949 0.314966 0.237446 -0.197978 0.465543 0.00121694
2.27032 1.09957 0.384438 2.59833 0.718386 0.33139 0.245455 0.171236 0.302741 0.272155 -0.186149 0.467165 0.0530475
2.25938 1.10108 0.189584 2.62566 0.728161 0.358795 0.239462 0.613572 0.282875 0.271366 -0.212 0.477786 -0.169211
2.29383 1.1151 0.541732 2.6513 0.738156 0.388803 0.209497 0.614333 0.27914 0.340786 -0.187906 0.484319 0.152928
2.29144 1.10916 0.329271 2.67615 0.748806 0.425438 0.207555 0.712644 0.26267 0.36524 -0.201692 0.487013 -0.0961672
2.32523 1.12082 0.525604 2.69955 0.759914 0.46664 0.203817 0.715046 0.257746 0.42756 -0.171929 0.490725 0.0589644
2.36093 1.14452 0.825651 2.72197 0.771796 0.513959 0.193181 0.510513 0.253161 0.485146 -0.131158 0.502066 0.311691
2.35765 1.13732 0.761339 2.74259 0.784078 0.56626 0.196538 0.618079 0.239069 0.515912 -0.135349 0.504622 0.195079
2.38534 1.15746 0.96971 2.76109 0.796444 0.618372 0.189451 0.392143 0.218524 0.515123 -0.0968852 0.511986 0.351338
2.40226 1.18768 1.00385 2.77795 0.809052 0.669857 0.226361 0.369231 0.208506 0.501712 -0.0594297 0.530064 0.333994
2.4087 1.18168 1.07689 2.79418 0.822485 0.716076 0.217401 0.184023 0.208166 0.446492 -0.0550163 0.524007 0.360817
2.42894 1.20972 1.08212 2.8101 0.83687 0.755941 0.252428 0.0856415 0.215807 0.381017 -0.0215786 0.532756 0.326177
2.45154 1.2567 0.933951 2.82558 0.851891 0.786623 0.2733 0.193759 0.212411 0.270577 0.0224301 0.550702 0.147328
2.44845 1.24126 1.01903 2.84106 0.867782 0.811342 0.30337 -0.00798971 0.22956 0.246123 0.000533291 0.541875 0.207689
2.4776 1.29385 0.776627 2.85757 0.885571 0.83586 0.30871 0.259044 0.245351 0.237446 0.0481048 0.555661 -0.0592325
2.50153 1.32809 0.732862 2.87473 0.904965 0.858934 0.330708 0.233433 0.265217 0.222457 0.0765795 0.558964 -0.126072
2.49748 1.31161 0.847178 2.8927 0.926219 0.880872 0.378363 -0.00606066 0.283554 0.230346 0.0456975 0.550127 -0.0336938
2.53457 1.35153 0.42375 2.91146 0.949426 0.902751 0.353666 0.0597002 0.305627 0.217724 0.0821987 0.544961 -0.479001
2.56888 1.38066 0.351454 2.93093 0.974639 0.924712 0.372272 0.0719051 0.323626 0.211413 0.106207 0.533533 -0.573258
2.56382 1.38181 0.638722 2.95059 1.00116 0.942899 0.401574 -0.0767781 0.335511 0.181437 0.0808452 0.536606 -0.304178
2.60506 1.40687 0.33266 2.97062 1.02922 0.959749 0.400417 0.017407 0.354698 0.15856 0.0995819 0.516079 -0.627089
2.64301 1.43007 0.322003 2.99107 1.05878 0.972541 0.398284 -0.0231091 0.36132 0.112017 0.110776 0.49672 -0.650537
2.63655 1.43681 0.371586 3.01212 1.09003 0.983285 0.395697 -0.0473195 0.375412 0.0623196 0.0804603 0.504808 -0.611698
2.67862 1.45025 0.301644 3.03313 1.12174 0.986787 0.398057 -0.101614 0.382883 0.0118328 0.0785959 0.476876 -0.685143
2.67196 1.45625 0.250642 3.05452 1.15405 0.98403 0.386809 0.00317145 0.388656 -0.0386539 0.0398393 0.485883 -0.733388
2.70658 1.47074 0.181911 3.07629 1.18661 0.978918 0.365962 0.1446 0.392901 -0.0347097 0.0295278 0.465341 -0.797008
2.75114 1.47859 0.581107 3.09799 1.21889 0.980457 0.348846 -0.176511 0.389845 0.0567976 0.0226682 0.432707 -0.399349
2.74004 1.4823 0.181444 3.11925 1.25077 0.984125 0.334141 0.287666 0.38543 -0.00315544 -0.0171117 0.443979 -0.802681
2.77262 1.49253 0.272636 3.14038 1.28252 0.984586 0.311251 0.407922 0.381865 0.0386539 -0.0284984 0.422535 -0.711951
2.80927 1.50816 0.839621 3.16121 1.31409 0.991828 0.299005 0.189405 0.373884 0.0788856 -0.0301234 0.400765 -0.152207
2.80436 1.50361 0.46279 3.1812 1.34505 1.00408 0.278995 0.474404 0.360131 0.127006 -0.06855 0.403059 -0.541285
2.83471 1.51736 0.717458 3.19998 1.37496 1.01814 0.274868 0.293882 0.350113 0.143572 -0.0705454 0.38565 -0.300687
2.86404 1.54404 1.1501 3.21752 1.40388 1.03569 0.277651 0.0219854 0.32855 0.163293 -0.059685 0.375538 0.114404
2.86249 1.53605 0.941337 3.23356 1.43141 1.05273 0.26941 0.06227 0.313438 0.184592 -0.0928421 0.374195 -0.111395
2.88717 1.55944 1.07095 3.24836 1.45783 1.06873 0.282278 -0.141654 0.296459 0.153038 -0.0847509 0.365514 0.0022208
2.90506 1.58825 1.13478 3.26209 1.48323 1.08152 0.308053 -0.0839295 0.289667 0.0946626 -0.0751075 0.364501 0.0532612
2.90965 1.5892 1.08122 3.2755 1.50857 1.08569 0.317401 -0.289663 0.288478 0.0149883 -0.0992816 0.361243 -0.00446768
2.92962 1.62927 1.03002 3.28929 1.53465 1.08137 0.335815 -0.172563 0.292553 -0.0717859 -0.085572 0.361934 -0.0513503
2.95866 1.6708 0.970428 3.30338 1.56081 1.07136 0.358288 -0.15571 0.304609 -0.108862 -0.0685408 0.355287 -0.100929
2.95705 1.66127 0.925568 3.3188 1.58872 1.06012 0.393674 -0.289496 0.323286 -0.0962404 -0.113515 0.351052 -0.134547
2.99515 1.71432 0.812782 3.33519 1.61766 1.04911 0.393889 -0.218957 0.34468 -0.108862 -0.0856513 0.34298 -0.236328
3.02758 1.75251 0.690362 3.35321 1.64866 1.03844 0.412548 -0.283329 0.363017 -0.116751 -0.0758004 0.333275 -0.348076
3.02225 1.74205 0.726686 3.37246 1.68095 1.02645 0.459689 -0.247678 0.383902 -0.114384 -0.129088 0.331234 -0.299765
3.06827 1.78632 0.436886 3.39282 1.71407 1.01104 0.421716 -0.23226 0.397316 -0.164082 -0.111112 0.313382 -0.574158
3.065 1.78216 0.639608 3.41465 1.74837 0.994703 0.463024 -0.274668 0.406994 -0.17907 -0.162138 0.311633 -0.355095
3.11135 1.81968 0.543452 3.43773 1.78321 0.974647 0.460071 -0.233545 0.423634 -0.194847 -0.153074 0.290558 -0.431195
3.15746 1.85196 0.33566 3.46275 1.81935 0.954661 0.451928 -0.208664 0.443839 -0.175126 -0.149814 0.268 -0.619001
3.15849 1.85368 0.428994 3.48921 1.856 0.933906 0.462115 -0.151745 0.455045 -0.20668 -0.19854 0.264507 -0.504913
3.2041 1.88147 0.32832 3.5167 1.89245 0.913933 0.433196 -0.000985851 0.45131 -0.184592 -0.199579 0.240845 -0.585613
3.25489 1.89773 0.34906 3.54471 1.92829 0.900609 0.425396 -0.149084 0.452838 -0.13805 -0.203973 0.208149 -0.551549
3.24691 1.90332 0.287559 3.57277 1.96337 0.890764 0.390438 0.166989 0.441292 -0.100185 -0.251597 0.21561 -0.603205
3.28791 1.92016 0.353075 3.6003 1.99715 0.883238 0.368545 0.242095 0.43467 -0.0504867 -0.25776 0.192549 -0.530163
3.34027 1.94027 0.795534 3.6275 2.03017 0.88073 0.345751 0.0855713 0.41803 -0.0236657 -0.252174 0.164284 -0.085196
3.32757 1.93587 0.496563 3.65386 2.0621 0.88099 0.337817 0.277102 0.408182 0.022088 -0.305016 0.171352 -0.384427
3.37686 1.95907 0.860413 3.67899 2.09259 0.882374 0.302048 0.124718 0.394599 0.0173548 -0.295063 0.14849 -0.0219612
3.40843 1.98303 1.00981 3.70315 2.12207 0.886516 0.28326 0.0826498 0.375582 0.0457536 -0.294027 0.140482 0.123293
3.4031 1.97966 0.819606 3.72612 2.15037 0.891864 0.304802 0.140107 0.353679 0.038654 -0.335696 0.144198 -0.0722581
3.44338 2.01323 1.16827 3.74748 2.17695 0.896645 0.275065 -0.0490204 0.340605 0.0425982 -0.317735 0.135379 0.271623
3.46629 2.04561 1.14524 3.76754 2.20217 0.901354 0.27895 -0.0398576 0.313947 0.0449648 -0.309707 0.139082 0.243881
3.47068 2.04609 1.07931 3.78624 2.2259 0.905661 0.262922 -0.114618 0.298326 0.0370762 -0.336233 0.137327 0.173653
3.48964 2.08023 1.08388 3.80418 2.24881 0.90675 0.286512 -0.0580783 0.287799 -0.00709976 -0.32661 0.143808 0.177134
3.52115 2.12632 0.939031 3.82152 2.27089 0.902585 0.298004 -0.0140616 0.285422 -0.0512756 -0.299587 0.146193 0.0364458
3.52051 2.11852 1.07532 3.83952 2.2936 0.898112 0.291239 -0.287108 0.293912 -0.0402317 -0.335715 0.140426 0.177207
3.5485 2.16393 0.787988 3.85798 2.31668 0.893391 0.316656 -0.13769 0.302911 -0.0473314 -0.312995 0.145411 -0.105403
3.54279 2.15563 0.954027 3.87724 2.34046 0.884126 0.326667 -0.316075 0.308174 -0.109651 -0.354968 0.141471 0.0699012
3.56817 2.19365 0.800465 3.89715 2.36446 0.869299 0.344013 -0.308613 0.314966 -0.17907 -0.342793 0.141066 -0.068834
3.61147 2.24163 0.626555 3.91824 2.38891 0.846805 0.320638 -0.279452 0.329059 -0.224035 -0.313532 0.132267 -0.22025
3.60028 2.23168 0.647473 3.93982 2.41281 0.822169 0.346116 -0.309384 0.320399 -0.248489 -0.363801 0.125478 -0.174696
3.64007 2.26681 0.504756 3.96235 2.43646 0.794563 0.341243 -0.266003 0.333643 -0.272155 -0.346842 0.111116 -0.289807
3.68874 2.28794 0.420939 3.98638 2.46034 0.767608 0.324393 -0.224999 0.3367 -0.251645 -0.333892 0.0826302 -0.346669
3.68386 2.29626 0.36634 4.01086 2.48341 0.74109 0.32059 -0.158025 0.329398 -0.257167 -0.367579 0.082684 -0.37475
3.72693 2.31881 0.244443 4.0352 2.50523 0.719791 0.29269 0.040627 0.326512 -0.190114 -0.354701 0.0630453 -0.475349
3.75925 2.32789 0.242515 4.05962 2.52632 0.705178 0.30331 -0.031382 0.318702 -0.119117 -0.357344 0.0435786 -0.462662
3.76429 2.33431 0.181172 4.08364 2.5466 0.696611 0.254799 0.25077 0.312419 -0.0694192 -0.381156 0.0420665 -0.515439
3.80269 2.34432 0.197482 4.1073 2.56633 0.694398 0.256194 0.0538058 0.306137 -0.0181437 -0.376148 0.0243232 -0.496916
3.84778 2.35777 0.663126 4.13013 2.58537 0.696173 0.225341 -0.0304959 0.291195 0.0307653 -0.362611 0.00642835 -0.0330472
3.83278 2.35691 0.293713 4.15149 2.60327 0.69919 0.215924 0.357709 0.273537 0.0228768 -0.40249 0.0165598 -0.405477
3.88214 2.37552 0.729243 4.17162 2.62026 0.704054 0.192873 0.221962 0.261821 0.0757301 -0.379074 0.000845025 0.0251892
3.92111 2.39039 0.804587 4.19112 2.63699 0.715898 0.178085 0.214402 0.251633 0.116751 -0.36557 -0.00884697 0.0886886
3.91178 2.38806 0.652157 4.20898 2.65269 0.727672 0.190345 0.340203 0.232616 0.115173 -0.397938 7.70588e-05 -0.0755146
3.95572 2.4169 1.00521 4.22553 2.6676 0.741978 0.156379 0.131056 0.223278 0.164871 -0.368301 -0.00247334 0.263229
3.98701 2.44681 1.10991 4.24099 2.68202 0.761608 0.163326 0.0655638 0.20545 0.18617 -0.346128 0.00504018 0.348301
3.9847 2.44075 1.08303 4.25511 2.69574 0.782292 0.163478 0.0227575 0.193904 0.194058 -0.371551 0.00974845 0.300738
4.0026 2.47447 1.12165 4.2683 2.70903 0.797332 0.185578 0.030601 0.188131 0.135683 -0.353449 0.0262316 0.324322
4.00912 2.47784 1.0446 4.28089 2.72205 0.805544 0.164689 -0.0514602 0.179811 0.0717859 -0.364386 0.0268332 0.239058
4.03041 2.51197 1.01573 4.29343 2.73514 0.808703 0.186041 -0.079886 0.178113 0.0307653 -0.343033 0.0361773 0.207025
4.06045 2.56394 0.972353 4.30555 2.74784 0.806053 0.196183 -0.0502246 0.175057 -0.0402316 -0.302395 0.0495346 0.1663
4.05758 2.54601 1.13066 4.31852 2.76129 0.80061 0.220397 -0.335356 0.189829 -0.0520645 -0.336208 0.0374073 0.330052
4.08782 2.58231 1.22941 4.33222 2.77534 0.793486 0.263287 -0.576678 0.194583 -0.0836187 -0.309003 0.0388336 0.435929
