-0.0490014 0.788603 -0.254531 -0.00110281 0.0999999 0.000532478 0.0461572 -0.0248513 0 0 -0.0475319 -0.0113716 -0.255063
-0.0490014 0.788603 -0.254531 -0.00110281 0.0999999 0.000532478 0.0525257 -0.0272116 0 0 -0.0475319 -0.0113716 -0.127798
-0.0360674 0.792298 -0.391377 0.00033619 0.100001 0.000662639 0.265619 0.0422867 0.0315815 -0.022088 -0.0359448 -0.00767886 -0.215965
-0.0206542 0.793051 -0.412437 0.00565156 0.100004 0.000603475 0.368167 0.0532349 0.0332794 -0.0252434 -0.0258875 -0.00693722 -0.26519
-0.00681657 0.794574 -0.446161 0.015834 0.100012 0.000911128 0.490581 0.104896 0.0704641 0.00709971 -0.0220178 -0.00541719 -0.313405
0.00811292 0.796151 -0.407111 0.0291263 0.100022 0.00127795 0.496341 0.084309 0.0991591 0.00788855 -0.0201237 -0.00384467 -0.351917
0.0269213 0.795668 -0.386 0.0469444 0.100043 0.000922961 0.541519 0.0572385 0.132778 -0.00315544 -0.019381 -0.00435691 -0.350218
0.0503522 0.792023 -0.331537 0.0683281 0.100061 0.000970292 0.523363 0.00840079 0.158756 0.00552201 -0.0173045 -0.00802085 -0.33004
0.0770252 0.784511 -0.333909 0.095939 0.100083 0.0007928 0.560373 -0.0121526 0.194073 0.00867741 -0.0183711 -0.015558 -0.301799
0.102322 0.773682 -0.315372 0.125725 0.100112 0.000851965 0.54599 -0.0575234 0.224297 -0.000788844 -0.0228295 -0.0264097 -0.278924
0.131089 0.76186 -0.327903 0.159438 0.10014 0.000887465 0.580258 -0.0514843 0.251973 0.0141994 -0.0277617 -0.0382542 -0.264435
0.162098 0.746765 -0.435436 0.200061 0.100183 0.00117145 0.765977 0.0250515 0.285252 0.0189326 -0.0372055 -0.0533743 -0.290694
0.188593 0.735476 -0.416872 0.2421 0.100233 0.00102946 0.745348 0.0152629 0.313947 0.00709969 -0.052853 -0.0647019 -0.311293
0.215372 0.725354 -0.268801 0.288207 0.10029 0.00104129 0.629393 -0.042294 0.338398 -0.00236656 -0.072184 -0.0748607 -0.299662
0.246981 0.719492 0.327267 0.338118 0.100339 0.000934794 0.728446 0.0104072 0.367093 0.00157769 -0.0905587 -0.080762 -0.135763
0.281159 0.717785 0.452941 0.39564 0.100395 0.000757301 0.607862 -0.054224 0.403089 0.00788857 -0.114013 -0.0825234 0.0865093
0.315045 0.717123 0.53481 0.454585 0.100449 0.00111229 0.0378283 -0.351198 0.427878 -0.037865 -0.138854 -0.0831711 0.324075
0.344855 0.717821 0.306393 0.51392 0.100514 0.000934795 0.22148 -0.20413 0.415653 -0.0189325 -0.168488 -0.0825349 0.468051
0.387927 0.727222 0.21427 0.573759 0.10058 0.00108862 0.264175 -0.152885 0.388826 -0.0157771 -0.18515 -0.0731562 0.439648
0.431757 0.741813 0.19295 0.62565 0.100634 0.000922963 0.222717 -0.139151 0.36098 0 -0.193301 -0.0586432 0.374815
0.481313 0.757464 0.0629372 0.673595 0.100664 0.0008638 0.368028 -0.0419264 0.333304 0.016566 -0.191715 -0.043034 0.256906
0.525813 0.769093 -0.0182342 0.720068 0.100706 0.000899298 0.430994 -0.0114306 0.340605 0.00157775 -0.193654 -0.031438 0.175714
0.575303 0.774738 -0.0401403 0.773805 0.100767 0.0016211 0.20814 -0.0748843 0.378469 0.0118329 -0.197409 -0.0257087 0.11139
0.628856 0.77506 -0.130508 0.82512 0.100841 0.00128978 0.184185 -0.100973 0.355207 -0.00315538 -0.195394 -0.0255286 0.0308567
0.682827 0.772209 -0.164447 0.872879 0.100913 0.00157377 0.166077 -0.113891 0.329568 0.0307653 -0.188996 -0.0284051 -0.0262733
0.731549 0.773706 -0.187232 0.91964 0.100981 0.00140811 0.153097 -0.154381 0.299685 -0.00552201 -0.187144 -0.0270109 -0.0683572
0.780597 0.769581 -0.22983 0.959015 0.101021 0.000840133 0.184543 -0.145214 0.269122 -0.00236656 -0.177857 -0.0312905 -0.115212
0.829639 0.757846 -0.27624 0.994341 0.101053 0.000769137 0.223948 -0.12544 0.242295 0.00709969 -0.164196 -0.0430803 -0.151574
0.873063 0.744893 -0.28855 1.02703 0.101037 -0.00514728 0.280324 -0.154637 0.233975 -0.0804633 -0.157281 -0.0569451 -0.176683
0.907271 0.73887 -0.168315 1.06239 0.100611 -0.0204471 0.232146 -0.173746 0.248917 -0.112018 -0.168139 -0.0650461 -0.156654
0.943571 0.728514 -0.0124052 1.09709 0.0996421 -0.0371433 0.516481 -0.0421876 0.242804 -0.123061 -0.176767 -0.0772631 -0.0856014
0.976898 0.716126 0.138467 1.13157 0.0980342 -0.0575786 0.808801 0.121249 0.255878 -0.150671 -0.189986 -0.0918338 0.0385105
1.00787 0.715594 0.429881 1.17284 0.0952286 -0.0795758 0.614822 0.0243739 0.288139 -0.139627 -0.213764 -0.0947113 0.240115
1.04238 0.718878 0.619191 1.2153 0.0914393 -0.0998573 0.0881242 -0.201868 0.314626 -0.145938 -0.234609 -0.0929257 0.457273
1.06982 0.720962 0.426329 1.25904 0.0866411 -0.120565 -0.0616408 -0.241354 0.308174 -0.152249 -0.264135 -0.0930416 0.587665
1.09653 0.729691 0.414531 1.29906 0.0814175 -0.141249 -0.155348 -0.231342 0.27914 -0.145149 -0.291783 -0.0866961 0.677364
1.1296 0.747196 0.585061 1.33745 0.0755624 -0.163234 -0.486838 -0.324688 0.246879 -0.146727 -0.314236 -0.0710728 0.738145
1.16786 0.770084 0.596474 1.36907 0.0700472 -0.183847 -0.0684474 -0.0879906 0.220731 -0.141994 -0.325799 -0.0485448 0.753078
1.19815 0.781476 0.288221 1.39675 0.0646276 -0.204613 0.510608 0.241786 0.194413 -0.134894 -0.340112 -0.038458 0.739318
1.23679 0.796491 0.355112 1.42484 0.0584861 -0.226705 0.391644 0.190012 0.201714 -0.143572 -0.349113 -0.0231456 0.746555
1.2842 0.804542 -0.00250589 1.45404 0.0514705 -0.244951 -0.0136201 0.0229338 0.216826 -0.117539 -0.347391 -0.0105942 0.61791
1.33057 0.814895 -0.0811819 1.48535 0.0432929 -0.267481 -0.0811437 -0.0620077 0.220391 -0.154616 -0.353211 0.00325473 0.471025
1.36592 0.823779 -0.131967 1.51437 0.0350186 -0.290046 -0.0920337 -0.0874252 0.193224 -0.143572 -0.367826 0.0133602 0.388543
1.41044 0.825428 -0.133422 1.5376 0.0278486 -0.310659 -0.119964 -0.108647 0.167076 -0.143572 -0.364885 0.0205291 0.287023
1.45915 0.820729 -0.123074 1.55672 0.0215142 -0.331899 -0.137254 -0.0969941 0.136174 -0.141994 -0.352654 0.0238086 0.278121
1.50232 0.820631 -0.106565 1.57206 0.0160718 -0.352476 -0.0944088 -0.0558081 0.110875 -0.131739 -0.343204 0.0310202 0.292352
1.54426 0.812452 -0.157785 1.58415 0.0114894 -0.374663 -0.00773041 -0.0312942 0.0830288 -0.130161 -0.330243 0.0308022 0.308084
1.58159 0.809085 0.0130328 1.59159 0.0084879 -0.395323 -0.168661 -0.0518403 0.0607859 -0.108862 -0.317549 0.0349955 0.365358
1.61634 0.809151 0.204565 1.59524 0.00693057 -0.415912 0.0398919 0.084704 0.0499192 -0.0583753 -0.304816 0.0423545 0.467857
1.64614 0.809039 0.424734 1.59644 0.00639137 -0.430928 0.396721 0.226705 0.0127345 -0.142783 -0.290116 0.0500313 0.615698
1.67457 0.810035 0.548162 1.59947 0.00498234 -0.43746 0.380606 0.311174 0.0220731 -0.0347096 -0.273022 0.0610573 0.798716
1.70444 0.819479 0.703734 1.606 0.00190592 -0.44327 0.245395 0.234739 0.0466931 -0.0638973 -0.261728 0.0807788 0.977201
1.73236 0.831711 0.818892 1.61583 -0.00280383 -0.449932 0.116058 0.183329 0.0798027 -0.0567976 -0.258006 0.102138 1.13744
1.75563 0.844969 0.841017 1.62936 -0.00934989 -0.448524 0.0915009 0.250771 0.0991591 0.0315542 -0.256679 0.124574 1.24011
1.78016 0.869719 0.816835 1.64202 -0.0153279 -0.428976 0.0768595 0.345858 0.104932 0.160927 -0.242501 0.162313 1.28773
1.81159 0.904023 0.800038 1.65421 -0.0206898 -0.394802 0.0238885 0.38682 0.0981404 0.236657 -0.210396 0.21411 1.27763
1.85159 0.942221 0.730019 1.66432 -0.0246909 -0.353388 0.150527 0.438138 0.0835382 0.236657 -0.158928 0.271973 1.214
1.88463 0.969691 0.68545 1.67401 -0.0280253 -0.308707 0.0566273 0.460946 0.0718225 0.333686 -0.10247 0.314543 1.13042
1.91998 0.996457 0.60105 1.68523 -0.0313558 -0.263079 -0.263614 0.314336 0.0852361 0.323431 -0.0406139 0.353498 1.03085
1.95623 1.02255 0.371976 1.69435 -0.0335957 -0.211394 -0.0258201 0.392925 0.0696151 0.323431 0.0344502 0.387582 0.87215
1.99394 1.04933 0.373834 1.69989 -0.0346601 -0.155909 -0.0140572 0.376222 0.0366753 0.33763 0.122159 0.416503 0.727619
2.03352 1.07107 0.37239 1.70104 -0.0348317 -0.104389 -0.023532 0.36451 0.00560317 0.362085 0.215434 0.434523 0.597834
2.07296 1.09146 0.290903 1.69864 -0.0346507 -0.0523721 0.104893 0.368054 -0.0198658 0.371551 0.314859 0.44416 0.468281
2.11357 1.10936 0.205655 1.6967 -0.0345819 -0.00164476 0.196862 0.33695 -0.0108668 0.35814 0.414982 0.44463 0.375973
2.15263 1.12315 0.142219 1.69888 -0.0345105 0.0530939 0.0628596 0.289729 0.0164699 0.37944 0.514551 0.431946 0.263331
2.19993 1.12987 0.127836 1.7047 -0.034049 0.103632 0.439956 0.339591 0.040241 0.388906 0.61297 0.406444 0.151654
2.23645 1.13737 0.627646 1.7135 -0.0329313 0.149129 0.0984259 0.201583 0.0516171 0.407049 0.691025 0.379617 0.190343
2.264 1.14348 0.440752 1.72592 -0.0307873 0.192461 0.743588 0.396013 0.0821798 0.287143 0.752755 0.349668 0.205785
2.29861 1.15068 0.441755 1.73988 -0.0278386 0.225108 0.973709 0.4664 0.105441 0.264267 0.807695 0.324069 0.248022
2.32522 1.15145 0.549517 1.75736 -0.0235511 0.257222 1.0135 0.498954 0.135325 0.245334 0.848083 0.291882 0.321328
2.34537 1.15808 0.779724 1.77878 -0.0175601 0.289384 0.873461 0.412663 0.170302 0.243756 0.878513 0.265071 0.327186
2.36744 1.17409 1.05894 1.80568 -0.00905913 0.324101 0.506399 0.152632 0.196451 0.232712 0.909294 0.242658 0.447015
2.38166 1.19053 1.08494 1.83438 0.00107509 0.356594 0.450683 0.120512 0.226334 0.229557 0.92807 0.223578 0.575317
2.39675 1.21439 1.00976 1.86645 0.0135797 0.388993 0.50484 0.151663 0.256048 0.242967 0.946101 0.209979 0.65798
2.41155 1.23896 0.97173 1.90442 0.0298624 0.423331 0.528534 0.160315 0.287629 0.242968 0.959058 0.194041 0.671643
2.42626 1.27 0.917482 1.94303 0.0479755 0.4556 0.585954 0.173767 0.317853 0.24139 0.971625 0.184758 0.604011
2.44798 1.31119 0.865154 1.98469 0.0691809 0.487631 0.662577 0.176558 0.345868 0.227979 0.991221 0.180182 0.517034
2.47402 1.35174 0.833682 2.02902 0.0935679 0.520077 0.763529 0.198943 0.373884 0.246123 1.01141 0.170678 0.440568
2.49613 1.38502 0.828666 2.07952 0.1236 0.554593 0.805354 0.180596 0.405296 0.240601 1.01842 0.152969 0.370286
2.52217 1.41448 0.68568 2.12911 0.155378 0.586802 0.574928 0.0626378 0.428727 0.221668 1.02447 0.130837 0.280126
2.55001 1.44175 0.514653 2.18092 0.190959 0.618739 0.558828 0.0527008 0.45946 0.212991 1.02613 0.104834 0.160564
2.58409 1.48064 0.537702 2.23879 0.233614 0.653433 0.567696 0.0325495 0.491721 0.20668 1.03225 0.0802304 0.0518754
2.61324 1.49939 0.53391 2.29474 0.277832 0.686174 0.594023 0.0161825 0.522283 0.222457 1.02037 0.0432906 -0.0545551
2.64494 1.521 0.415658 2.352 0.326143 0.717283 0.775681 0.0280456 0.548431 0.211413 1.00618 0.0078778 -0.153169
2.67542 1.54273 0.327444 2.41003 0.378189 0.746297 0.955791 0.0297457 0.577126 0.183803 0.985489 -0.0251659 -0.228986
2.71285 1.5591 0.207796 2.47399 0.439113 0.777039 1.15811 0.0533663 0.607689 0.180648 0.955609 -0.0689341 -0.342204
2.75411 1.57181 0.246291 2.53499 0.500735 0.805863 1.03068 0.0154845 0.63129 0.187748 0.924444 -0.116375 -0.442933
2.7883 1.5838 0.576233 2.59635 0.566197 0.830014 0.708814 -0.155494 0.650307 0.156194 0.880469 -0.1549 -0.42694
2.81559 1.60204 0.682928 2.66194 0.639043 0.845006 1.20433 0.0389941 0.654722 0.0883518 0.822277 -0.175751 -0.353061
2.84746 1.61917 0.776664 2.72397 0.709334 0.849917 1.17323 -0.0253131 0.683926 0 0.765007 -0.192238 -0.215755
2.88975 1.63159 0.910232 2.7867 0.78081 0.85026 0.944201 -0.119395 0.681889 0.00946626 0.707314 -0.2161 -0.0501128
2.9117 1.66231 1.08167 2.84948 0.852298 0.850674 0.78634 -0.184409 0.677814 -0.00946639 0.649939 -0.212588 0.0758311
2.92836 1.69353 1.16809 2.91662 0.928881 0.851053 0.628747 -0.207976 0.684945 0.0236656 0.582738 -0.204782 0.196743
2.94776 1.73136 1.08005 2.97875 0.99965 0.848686 0.618675 -0.234741 0.668985 -0.0599531 0.528601 -0.193103 0.274956
2.97542 1.76784 1.02894 3.03977 1.06846 0.840167 0.604049 -0.200314 0.654382 -0.0441759 0.477921 -0.185354 0.313153
3.00319 1.81143 0.949423 3.10393 1.13899 0.823885 0.667602 -0.185265 0.619914 -0.0986069 0.424987 -0.16924 0.296375
3.03348 1.85301 0.762605 3.16416 1.203 0.805946 0.502045 -0.266803 0.642667 -0.144361 0.378484 -0.155632 0.212941
3.06138 1.8931 0.503397 3.22623 1.26656 0.788315 0.493091 -0.17593 0.632649 -0.0820409 0.328091 -0.141361 0.0864093
3.10244 1.93422 0.510281 3.29136 1.33091 0.769182 0.434201 -0.222189 0.593766 -0.130161 0.2839 -0.135129 -0.0241221
3.14836 1.96702 0.473719 3.35033 1.38709 0.751468 0.466329 -0.206597 0.567448 -0.108862 0.248343 -0.138369 -0.125334
3.19071 1.99559 0.454623 3.40733 1.43946 0.733482 0.490193 -0.202422 0.544187 -0.0938738 0.211386 -0.141861 -0.184344
3.23373 2.02128 0.444579 3.46222 1.4881 0.715378 0.48008 -0.218872 0.515152 -0.116751 0.177243 -0.147663 -0.180944
3.27508 2.04477 0.406439 3.51907 1.53651 0.692895 0.521206 -0.220556 0.491721 -0.138839 0.136935 -0.153086 -0.184422
3.31645 2.06251 0.666317 3.57333 1.58045 0.667218 0.341742 -0.325673 0.515492 -0.208258 0.0965056 -0.162368 -0.110596
3.34808 2.0838 0.629516 3.62968 1.62372 0.641115 0.806813 -0.0816808 0.502418 -0.156982 0.0494875 -0.16285 -0.040769
3.37934 2.09778 0.767297 3.68597 1.66461 0.613876 0.804902 -0.0378297 0.506323 -0.162504 -0.00112815 -0.169284 0.0671496
3.41164 2.11565 0.970764 3.75071 1.7089 0.585335 0.560152 -0.137502 0.530943 -0.155404 -0.0578985 -0.173641 0.236772
3.43757 2.13857 0.979627 3.81552 1.75073 0.560462 0.556469 -0.113271 0.5576 -0.162504 -0.113962 -0.17059 0.339972
3.46275 2.16321 1.13037 3.88196 1.79168 0.542902 0.262855 -0.176501 0.552337 -0.10334 -0.166991 -0.165318 0.482745
3.48052 2.1882 1.10853 3.95247 1.83343 0.525283 0.183133 -0.165868 0.540451 -0.104918 -0.230418 -0.156391 0.585672
3.50018 2.22059 1.02533 4.01538 1.86926 0.508942 0.171793 -0.14793 0.503436 -0.134894 -0.278726 -0.142164 0.615655
3.52785 2.26249 0.881468 4.0756 1.90228 0.492163 0.317298 -0.0714577 0.476779 -0.141994 -0.312529 -0.123707 0.607894
3.56106 2.29029 0.67915 4.13261 1.93235 0.476674 -0.0362278 -0.161492 0.446216 -0.126217 -0.343608 -0.119716 0.510578
3.59112 2.32312 0.640216 4.19031 1.96157 0.459493 -0.1309 -0.186888 0.420238 -0.142783 -0.376696 -0.110209 0.410682
3.62859 2.35345 0.4417 4.24089 1.98614 0.443672 0.0491283 -0.0702596 0.39409 -0.0907184 -0.395348 -0.105425 0.280594
3.66878 2.38731 0.388151 4.28824 2.00822 0.427686 0.14184 -0.0585529 0.360131 -0.10334 -0.40643 -0.0981301 0.173251
3.70858 2.41745 0.342719 4.33231 2.02791 0.411522 0.28933 -0.0437075 0.332964 -0.0954515 -0.415837 -0.0934898 0.105307
3.75454 2.44338 0.344021 4.37588 2.04653 0.394495 0.272625 -0.0580197 0.306137 -0.101762 -0.42109 -0.0948281 0.0482857
3.80421 2.46989 0.350094 4.4135 2.06192 0.381502 0.217126 -0.0596659 0.282196 -0.0883518 -0.413589 -0.0945187 0.0383766
3.85387 2.49217 0.6919 4.44799 2.07559 0.372024 0.0653318 -0.0775011 0.256557 -0.0733636 -0.402047 -0.0959546 0.123792
3.89482 2.5164 0.75931 4.48133 2.08842 0.361458 0.301995 0.0381318 0.226504 -0.0678416 -0.397265 -0.0922594 0.238506
3.9377 2.53903 0.826099 4.511 2.09948 0.351897 0.234868 0.023528 0.234654 -0.0694193 -0.386663 -0.0897788 0.368587
3.97842 2.56911 0.95692 4.54275 2.11103 0.346631 0.0640826 0.00380462 0.240767 -0.00946626 -0.375149 -0.0774432 0.525559
4.01504 2.59935 1.00098 4.57478 2.12266 0.350074 -0.0514814 -0.00170824 0.217335 0.0252434 -0.362303 -0.0602584 0.599386
4.0371 2.62739 1.04015 4.60057 2.13212 0.352914 -0.148893 -0.01704 0.187961 0.0149883 -0.35756 -0.0404937 0.666757
4.06647 2.66618 1.03784 4.62281 2.14034 0.355174 -0.213326 -0.0262765 0.159775 0.00394428 -0.338759 -0.013508 0.717433
4.09715 2.71612 0.90659 4.6411 2.14716 0.358499 -0.084333 0.0461838 0.132608 0.0181437 -0.309738 0.0236464 0.701525
4.12291 2.758 0.80134 4.65658 2.15298 0.361351 0.0482509 0.108844 0.103234 0.0173548 -0.285304 0.0546219 0.648763
4.12291 2.758 0.80134 4.66715 2.15699 0.363836 0.0481839 0.114974 0.0767465 0.0173548 -0.294731 0.0553431 0.586575
4.12291 2.758 0.80134 4.67501 2.16001 0.371811 0.0560133 0.13766 0.062314 0.0528533 -0.297118 0.057712 0.519474
4.12291 2.758 0.80134 4.68272 2.16309 0.390827 0.0696238 0.177532 0.0589182 0.122273 -0.290967 0.0633119 0.474146
4.12291 2.758 0.80134 4.69092 2.16657 0.412256 0.0871972 0.197841 0.0641818 0.16566 -0.28345 0.069474 0.452717
4.12291 2.758 0.80134 4.70074 2.171 0.437424 0.110269 0.211408 0.0786142 0.201158 -0.27477 0.0765044 0.427549
