0.050939 0.810812 0.576419 -0.000394769 0.5 -0.000556143 -0.113898 -0.197408 0 0 0.0511609 0.0108408 0.576975
0.050939 0.810812 0.576419 -0.000394769 0.5 -0.000556143 -0.12237 -0.212457 0 0 0.0511609 0.0108408 0.288766
0.0690499 0.820261 0.43443 -0.00108243 0.500001 -0.000556143 -0.130927 -0.222621 0 0 0.0699542 0.0202991 0.337506
0.0923279 0.833201 -0.251832 -0.00383053 0.500002 -0.000591642 -0.00377583 -0.0686517 -0.013923 -0.0205102 0.0959613 0.0332553 0.190346
0.0908354 0.828329 0.271815 -0.00740637 0.500004 -0.000331319 -0.146989 -0.275312 -0.025469 -0.0504868 0.098133 0.0283578 0.113935
0.115272 0.834277 0.0539014 -0.0101748 0.500005 -0.00062714 -0.13496 -0.217817 -0.0320909 0.000788852 0.125238 0.0343503 -0.016399
0.141766 0.83595 -0.265144 -0.0147312 0.500006 -0.000189325 -0.00967422 -0.0656131 -0.0342982 0.00157771 0.156434 0.0359736 -0.191731
0.14033 0.836604 -0.195809 -0.0203548 0.500009 -0.000638973 -0.103931 -0.160298 -0.0551827 -0.00394428 0.16047 0.0366977 -0.177275
0.169063 0.831798 -0.272627 -0.0253645 0.500013 -0.000887463 -0.0118659 -0.064132 -0.0507681 -0.00236656 0.194133 0.031957 -0.313137
0.197573 0.823808 -0.327909 -0.0311562 0.500019 -0.000934794 -0.0034386 -0.0470937 -0.0575598 0.00078886 0.228426 0.0240025 -0.408542
0.191317 0.828079 -0.563029 -0.0350096 0.500022 -0.000757302 0.0250514 -0.0178058 -0.0477118 -0.00078886 0.226078 0.0282285 -0.483191
0.22528 0.810452 -0.383537 -0.0369987 0.500023 -0.000556143 0.0298261 -0.0369366 -0.0356565 0.00157771 0.262106 0.0105745 -0.530324
0.253267 0.796569 -0.404945 -0.0368638 0.500023 -0.000780967 0.0306117 -0.0332161 -0.0356565 0.00157771 0.289899 -0.00322787 -0.563179
0.245389 0.801754 -0.663108 -0.0348084 0.500022 -0.000934794 0.184173 0.0660375 0.0200356 0 0.279915 0.00199418 -0.646825
0.279828 0.777132 -0.418837 -0.0313497 0.500013 -0.00408233 0.117234 0.00361516 0.0193564 -0.00315542 0.310044 -0.0216131 -0.60763
0.30772 0.765965 -0.181622 -0.0261032 0.499984 -0.00751385 0.109335 -0.0897111 0.0448254 -0.0536422 0.331815 -0.0315182 -0.553719
0.305129 0.768569 -0.574168 -0.0185316 0.499917 -0.0105549 0.292192 0.121419 0.0745391 -0.0402316 0.320807 -0.0279469 -0.592984
0.33747 0.751603 -0.0892569 -0.00903238 0.499802 -0.0138444 0.175786 -0.0838094 0.0955935 -0.0386539 0.342983 -0.0434257 -0.446231
0.334884 0.753217 -0.396341 0.0024706 0.499626 -0.0168381 0.329682 0.135654 0.116138 -0.0378651 0.328096 -0.040848 -0.437614
0.365071 0.741116 -0.147999 0.0160839 0.499373 -0.0204826 0.314295 0.0819387 0.140419 -0.0354985 0.343962 -0.0511608 -0.425564
0.401865 0.735976 0.0563859 0.0316876 0.499032 -0.0237958 0.286046 -0.0295808 0.160285 -0.0283988 0.364435 -0.0543149 -0.264612
0.396972 0.733449 0.0931427 0.0492913 0.49859 -0.0268724 0.305975 -0.00518569 0.18083 -0.02761 0.341244 -0.0558837 -0.215935
0.432052 0.731751 0.256489 0.0689531 0.498034 -0.0299607 0.291775 -0.0795137 0.202733 -0.0299765 0.355934 -0.0555113 -0.0496394
0.478019 0.749746 0.254139 0.0906877 0.497351 -0.0330373 0.299607 -0.0876876 0.222089 -0.022088 0.378783 -0.0349486 0.0539717
0.470397 0.736421 0.330182 0.114403 0.496529 -0.0363386 0.3087 -0.120824 0.24637 -0.0291876 0.347043 -0.0473329 0.125722
0.512706 0.745949 0.336669 0.139828 0.495564 -0.0394152 0.313491 -0.139428 0.264368 -0.02761 0.362722 -0.0351163 0.18968
0.566911 0.77191 0.209647 0.167515 0.49442 -0.043107 0.366787 -0.0719993 0.283215 -0.0347097 0.387068 -0.00555613 0.181662
0.558988 0.758215 0.293836 0.197156 0.493084 -0.0474378 0.342491 -0.16264 0.305118 -0.0481202 0.348853 -0.0180084 0.195917
0.616167 0.782163 0.0927641 0.22863 0.491519 -0.0523011 0.427675 -0.0435521 0.318702 -0.0496979 0.371813 0.0105057 0.141425
0.668491 0.785093 -0.0148812 0.261438 0.489681 -0.0604421 0.392239 -0.128403 0.338058 -0.0702081 0.388465 0.0194602 0.0616789
0.656448 0.781629 0.106506 0.296302 0.487441 -0.0687606 0.397262 -0.176278 0.359622 -0.0867741 0.339083 0.0182372 0.0442122
0.71928 0.78508 -0.147849 0.333038 0.484771 -0.0769489 0.43378 -0.145614 0.378808 -0.0938738 0.362014 0.0291124 -0.0580209
0.767203 0.783314 -0.191709 0.37142 0.481639 -0.0870068 0.461454 -0.151945 0.396297 -0.108862 0.368072 0.0349259 -0.119081
0.760885 0.789506 -0.0910148 0.411768 0.477927 -0.0973842 0.44638 -0.179493 0.412597 -0.113595 0.317169 0.0440476 -0.127737
0.822818 0.778405 -0.277814 0.454086 0.473584 -0.108069 0.50409 -0.129462 0.431614 -0.0978181 0.333703 0.0428134 -0.213132
0.874415 0.773727 -0.326814 0.497871 0.468573 -0.120943 0.51374 -0.144521 0.445877 -0.11044 0.336976 0.0483549 -0.244999
0.86606 0.780551 -0.31216 0.543524 0.462738 -0.134161 0.54838 -0.156994 0.471515 -0.141205 0.277127 0.0580993 -0.261895
0.924173 0.760376 -0.34348 0.591023 0.456029 -0.147733 0.550331 -0.160871 0.485438 -0.134894 0.284722 0.0500708 -0.311439
0.914238 0.770839 -0.421149 0.640552 0.448371 -0.160725 0.64697 -0.0990599 0.510907 -0.117539 0.218552 0.062111 -0.33428
0.957113 0.757692 -0.483075 0.691812 0.439738 -0.174002 0.700753 -0.0493472 0.529754 -0.104129 0.206249 0.0590825 -0.360069
1.01041 0.737833 -0.152583 0.74516 0.430037 -0.187113 0.578453 -0.168708 0.542828 -0.153827 0.203361 0.0517655 -0.307064
0.996738 0.742311 -0.487996 0.800368 0.419243 -0.200472 0.751661 -0.0303245 0.573561 -0.124639 0.128104 0.0557018 -0.329834
1.03355 0.726612 -0.420267 0.857027 0.407329 -0.21589 0.765602 -0.0294754 0.587144 -0.168815 0.104027 0.0496853 -0.314195
1.07848 0.711609 0.0403386 0.915315 0.394136 -0.230693 0.6782 -0.0422268 0.602256 -0.155404 0.086256 0.0463714 -0.168539
1.06931 0.713085 -0.284874 0.975409 0.379609 -0.24533 0.777587 0.0389284 0.621952 -0.15856 0.0100952 0.0462975 -0.186974
1.10364 0.704084 -0.0436245 1.03665 0.363789 -0.26108 0.766442 0.0821124 0.653703 -0.140416 -0.0231137 0.0460559 -0.0601318
1.13708 0.704384 0.522728 1.10024 0.346411 -0.272995 0.608976 -0.15073 0.654213 -0.109651 -0.0610426 0.0546481 0.187533
1.13388 0.701042 0.297627 1.16245 0.328747 -0.281965 0.665259 0.0115773 0.645553 -0.102551 -0.131033 0.0496438 0.260824
1.16377 0.709809 0.616336 1.22409 0.310641 -0.290224 0.544088 -0.164476 0.637063 -0.0788856 -0.172026 0.0652132 0.494386
1.18976 0.723957 0.670559 1.28581 0.292029 -0.296483 0.582509 -0.0497857 0.633328 -0.0615307 -0.218052 0.0850211 0.679191
1.18335 0.714503 0.610241 1.34583 0.273541 -0.30169 0.519791 -0.117181 0.617877 -0.0670527 -0.28616 0.0727703 0.706276
1.21567 0.742636 0.699283 1.40371 0.255401 -0.30679 0.526131 -0.0541039 0.600728 -0.0741523 -0.326406 0.107696 0.81179
1.24278 0.762118 0.635594 1.45957 0.237585 -0.312079 0.535325 -0.0162104 0.578994 -0.0993957 -0.367373 0.132632 0.821894
1.23698 0.744568 0.577707 1.51345 0.220077 -0.317037 0.435512 -0.0923038 0.56592 -0.0528534 -0.42621 0.11216 0.803639
1.27628 0.78 0.687636 1.56534 0.202925 -0.321853 0.478663 0.0232711 0.542319 -0.0457537 -0.456764 0.156005 0.827804
1.31498 0.794838 0.406759 1.61502 0.186211 -0.327923 0.406494 -0.0623819 0.518548 -0.0773078 -0.48008 0.179557 0.760743
1.31175 0.784547 0.453726 1.66282 0.169836 -0.333071 0.358033 -0.0768057 0.504795 -0.0496979 -0.532751 0.166148 0.720423
1.3594 0.806455 -0.00548182 1.70846 0.153934 -0.338123 0.358983 -0.0400878 0.471855 -0.0591642 -0.545743 0.199787 0.579678
1.35323 0.804783 0.341311 1.75217 0.138432 -0.343909 0.323219 -0.074707 0.457932 -0.0623196 -0.600253 0.192821 0.498883
1.39732 0.822508 0.219524 1.79407 0.123318 -0.349128 0.314595 -0.0521952 0.434331 -0.0599531 -0.611996 0.221288 0.457293
1.45059 0.826929 -0.0554699 1.83383 0.108728 -0.355068 0.305624 -0.0776772 0.419728 -0.0725747 -0.609023 0.240166 0.335934
1.4446 0.835919 0.116511 1.87169 0.0945965 -0.360168 0.296178 -0.0448848 0.398844 -0.0686304 -0.660955 0.243237 0.371532
1.49525 0.845821 0.0153506 1.90757 0.0809782 -0.365871 0.327933 -0.0182531 0.373375 -0.065475 -0.65866 0.266707 0.295745
1.55728 0.842208 0.0196957 1.94139 0.0679346 -0.370865 0.233104 -0.0524276 0.36064 -0.0457537 -0.638614 0.282423 0.250782
1.54686 0.851435 -0.0747235 1.97324 0.0554638 -0.376154 0.317578 0.0243291 0.334832 -0.048909 -0.688965 0.283692 0.251258
1.59676 0.853602 -0.147998 2.00366 0.043377 -0.379372 0.328066 0.112136 0.324474 0.000788877 -0.678023 0.301926 0.188349
1.65361 0.842087 -0.0450072 2.03316 0.0316449 -0.376036 0.2201 0.0613494 0.322777 0.0528533 -0.650647 0.314432 0.169923
1.64143 0.852607 -0.156707 2.06272 0.020096 -0.368096 0.33205 0.21621 0.310382 0.0773079 -0.692637 0.325149 0.117882
1.69103 0.848399 0.0946264 2.0915 0.00914156 -0.358038 0.234584 0.12987 0.309023 0.100974 -0.669179 0.345699 0.150162
1.72639 0.854671 0.353368 2.12057 -0.00154055 -0.344797 0.288856 0.249234 0.306307 0.138839 -0.660383 0.372584 0.262262
1.71739 0.849468 0.0806315 2.14836 -0.0113171 -0.328929 0.318623 0.3254 0.293402 0.179859 -0.68592 0.375423 0.277804
1.76281 0.856799 0.466107 2.17646 -0.0206022 -0.306518 0.285416 0.337194 0.298326 0.229557 -0.659119 0.41169 0.411096
1.79527 0.867782 0.605562 2.20547 -0.029402 -0.27929 0.269266 0.370646 0.301892 0.293454 -0.64163 0.44934 0.511603
1.78913 0.859311 0.495375 2.23324 -0.0369789 -0.249744 0.250007 0.357016 0.286101 0.308443 -0.65186 0.458717 0.517558
1.82544 0.881425 0.796935 2.26005 -0.0434063 -0.217357 0.210297 0.325273 0.267594 0.307654 -0.623823 0.509347 0.664247
1.84516 0.890148 0.827369 2.28492 -0.0485279 -0.184711 0.187607 0.34803 0.251633 0.35183 -0.604678 0.541941 0.721916
1.85704 0.893047 0.751527 2.30788 -0.0524742 -0.151934 0.122415 0.266824 0.228711 0.322642 -0.58875 0.566395 0.72563
1.8779 0.919666 0.824547 2.32907 -0.0554088 -0.119488 0.094876 0.282617 0.209525 0.332897 -0.564187 0.614341 0.775478
1.88731 0.915564 0.770221 2.34822 -0.0574313 -0.0868412 0.0682954 0.242577 0.189149 0.321853 -0.543568 0.629353 0.736152
1.91689 0.940297 0.730108 2.36549 -0.0586898 -0.0546085 0.0464664 0.23255 0.168944 0.313176 -0.502463 0.673012 0.679605
1.95747 0.982509 0.559098 2.38077 -0.0593025 -0.0215594 0.0384561 0.231555 0.150437 0.313964 -0.445658 0.732444 0.598448
1.94703 0.965972 0.65063 2.39392 -0.0594 0.010827 0.018388 0.226313 0.129382 0.301343 -0.435765 0.730151 0.522583
1.98219 0.99311 0.554958 2.40519 -0.0591188 0.0432608 0.0121255 0.23004 0.115289 0.294243 -0.377095 0.769538 0.436333
2.03162 1.02281 0.188058 2.41436 -0.0585901 0.0761443 0.0105465 0.229026 0.100348 0.278466 -0.299372 0.807379 0.267937
2.02367 1.02072 0.447842 2.42147 -0.0579472 0.108708 0.00959731 0.193924 0.0855757 0.246123 -0.278422 0.815459 0.207559
2.06823 1.04607 0.325821 2.42647 -0.0573334 0.141249 0.0131313 0.279708 0.0473723 0.32422 -0.199337 0.842851 0.0938164
2.12063 1.0563 0.190853 2.42973 -0.0568262 0.173032 -0.0035176 0.231813 0.0392222 0.284777 -0.112843 0.84972 -0.0289928
2.11352 1.06668 0.192534 2.43123 -0.0565475 0.202708 0.0603512 0.271423 0.0191866 0.283199 -0.0850768 0.864192 -0.0575506
2.16076 1.07264 0.103413 2.4323 -0.0563104 0.230101 0.0518154 0.250937 0.0100178 0.276888 -0.00689893 0.861129 -0.171051
2.20065 1.08464 0.104059 2.43518 -0.055595 0.25734 0.0984049 0.299239 0.0229221 0.305287 0.0633985 0.862381 -0.25373
2.19445 1.08912 0.0555769 2.44003 -0.0542499 0.285017 0.144517 0.412148 0.0397316 0.350252 0.0858156 0.866288 -0.315226
2.24049 1.09355 0.305664 2.44675 -0.0521867 0.312209 0.101646 0.22098 0.0753881 0.257167 0.155645 0.853701 -0.314136
2.27032 1.09957 0.384438 2.45513 -0.0493624 0.338963 0.0864889 0.224471 0.0840476 0.297399 0.207734 0.845008 -0.270634
2.25938 1.10108 0.189584 2.46385 -0.0461853 0.362901 0.230781 0.351129 0.0889715 0.252434 0.216119 0.845126 -0.27319
2.29383 1.1151 0.541732 2.47231 -0.0428733 0.385088 0.189766 0.309355 0.0901601 0.229557 0.269571 0.84021 -0.173838
2.32754 1.12696 0.700524 2.48248 -0.0386235 0.407783 0.189527 0.283926 0.109686 0.249278 0.320006 0.831451 -0.0978184
2.32523 1.12082 0.525604 2.49437 -0.0333377 0.43036 0.266157 0.335198 0.132099 0.238234 0.327795 0.819486 -0.0851039
2.36093 1.14452 0.825651 2.50795 -0.0269411 0.452736 0.220686 0.246097 0.153153 0.242968 0.38022 0.817748 0.0515368
2.35765 1.13732 0.761339 2.52341 -0.0192217 0.475112 0.270977 0.274157 0.177604 0.231924 0.381646 0.804273 0.0840628
2.38534 1.15746 0.96971 2.54026 -0.0103302 0.497973 0.248016 0.199658 0.197639 0.244545 0.421683 0.799959 0.128498
2.40226 1.18768 1.00385 2.5588 -5.24674e-07 0.520621 0.279479 0.178025 0.217675 0.224035 0.454974 0.808188 0.225412
2.4087 1.18168 1.07689 2.57875 0.0117011 0.542737 0.271866 0.14054 0.240767 0.242968 0.458663 0.789671 0.266107
2.42894 1.20972 1.08212 2.60014 0.024904 0.564367 0.283714 0.0931941 0.255539 0.210624 0.489083 0.79265 0.324671
2.45154 1.2567 0.933951 2.62231 0.039205 0.582613 0.341349 0.143655 0.267594 0.183015 0.527276 0.8106 0.297485
2.44845 1.24126 1.01903 2.64527 0.0545598 0.59731 0.319386 0.043173 0.281177 0.148305 0.504686 0.791923 0.286584
2.47057 1.27547 0.936019 2.66963 0.0713585 0.611414 0.34561 0.0429987 0.301552 0.141994 0.528195 0.800236 0.23726
2.50153 1.32809 0.732862 2.69481 0.0892036 0.621922 0.417556 0.100436 0.313268 0.0954515 0.564682 0.819519 0.139439
2.49748 1.31161 0.847178 2.72125 0.108364 0.632844 0.384696 0.0130329 0.335341 0.100185 0.531212 0.80258 0.106824
2.53457 1.35153 0.42375 2.74923 0.129103 0.643682 0.423063 0.0790301 0.356056 0.127006 0.561928 0.806638 -0.052835
2.56888 1.38066 0.351454 2.77871 0.151443 0.654001 0.464017 0.0900732 0.380846 0.122273 0.581278 0.803234 -0.209295
2.56382 1.38181 0.638722 2.80941 0.175209 0.664603 0.444295 0.0216009 0.400202 0.101762 0.550852 0.801257 -0.243432
2.60506 1.40687 0.33266 2.8415 0.200582 0.67459 0.506202 0.0714333 0.415314 0.104129 0.568772 0.789744 -0.382048
2.64301 1.43007 0.322003 2.87549 0.228039 0.685358 0.520716 0.0759882 0.428218 0.108862 0.580845 0.777754 -0.418253
2.63655 1.43681 0.371586 2.9096 0.256199 0.695688 0.549294 0.0782875 0.464893 0.105707 0.547071 0.781254 -0.42355
2.67862 1.45025 0.301644 2.9456 0.286532 0.705438 0.562546 0.0714065 0.479156 0.105707 0.55126 0.759065 -0.517569
2.71705 1.46519 0.380038 2.98285 0.318571 0.716573 0.545924 0.0585229 0.499701 0.11754 0.552676 0.739194 -0.51686
2.70658 1.47074 0.181911 3.02126 0.352337 0.726737 0.662301 0.178736 0.524321 0.11044 0.50793 0.744917 -0.562047
2.75114 1.47859 0.581107 3.06078 0.387785 0.736771 0.554951 0.0195626 0.542319 0.102551 0.503581 0.71594 -0.519701
2.74004 1.4823 0.181444 3.10113 0.424682 0.744605 0.693605 0.163713 0.551488 0.0410204 0.451202 0.72243 -0.557585
2.77262 1.49253 0.272636 3.14196 0.462435 0.747752 0.694687 0.195159 0.559638 0.0347097 0.429651 0.706437 -0.587583
2.80927 1.50816 0.839621 3.18421 0.50172 0.750876 0.632432 0.0691011 0.576787 0.0102552 0.412564 0.691612 -0.426279
2.80436 1.50361 0.46279 3.22776 0.542479 0.753728 0.70437 0.178388 0.607519 0.0189325 0.349037 0.690565 -0.45871
2.83471 1.51736 0.717458 3.27269 0.584779 0.756982 0.673746 0.0913461 0.627725 0.00394419 0.322059 0.678676 -0.327961
2.86404 1.54404 1.1501 3.319 0.628606 0.759218 0.640043 -0.0204962 0.64844 0.00867745 0.300129 0.677205 -0.110832
2.86249 1.53605 0.941337 3.36597 0.673341 0.762094 0.637284 -0.0233411 0.643006 -0.00867745 0.231432 0.6717 -0.0882781
2.88717 1.55944 1.07095 3.41235 0.717544 0.76065 0.606469 -0.073555 0.636724 0.0126216 0.199962 0.671914 0.0652056
2.90506 1.58825 1.13478 3.4582 0.761063 0.758354 0.607314 -0.0448042 0.622631 0.00394419 0.167314 0.680919 0.171832
2.90965 1.5892 1.08122 3.50282 0.803223 0.755325 0.571999 -0.11765 0.605312 -0.0149882 0.106944 0.678863 0.157642
2.92962 1.62927 1.03002 3.54634 0.84404 0.751267 0.585371 -0.052994 0.591729 -0.0181436 0.0852592 0.69482 0.183871
2.95866 1.6708 0.970428 3.58936 0.884027 0.746344 0.590155 -0.0395617 0.586295 -0.0212991 0.0711397 0.705851 0.163662
2.95705 1.66127 0.925568 3.63262 0.923838 0.741493 0.562983 -0.10798 0.584258 -0.0386538 -0.000154772 0.700099 0.11621
2.99515 1.71432 0.812782 3.67584 0.963279 0.737552 0.564839 -0.0651111 0.577466 -0.02761 0.00126912 0.713612 0.0530418
3.02758 1.75251 0.690362 3.71783 1.00117 0.731293 0.536541 -0.0873333 0.5576 -0.0315541 -0.0119894 0.720197 -0.0256123
3.02225 1.74205 0.726686 3.75989 1.03866 0.724311 0.547271 -0.101711 0.561336 -0.0615307 -0.0863791 0.715583 -0.0795665
3.06827 1.78632 0.436886 3.80088 1.07468 0.715744 0.534498 -0.138395 0.547583 -0.131739 -0.08587 0.717724 -0.19317
3.11262 1.82213 0.383906 3.84211 1.11023 0.705533 0.534296 -0.10905 0.538074 -0.109651 -0.0937119 0.714974 -0.290177
3.11135 1.81968 0.543452 3.88303 1.14469 0.693593 0.527689 -0.111607 0.531622 -0.106495 -0.161867 0.712369 -0.314966
3.15746 1.85196 0.33566 3.92406 1.17849 0.683015 0.531363 -0.118191 0.531452 -0.121484 -0.169583 0.706227 -0.402144
3.15849 1.85368 0.428994 3.96523 1.21164 0.671797 0.556862 -0.0657859 0.53315 -0.093085 -0.231839 0.704638 -0.392899
3.2041 1.88147 0.32832 4.00745 1.24486 0.660142 0.587871 -0.0285516 0.54962 -0.108073 -0.244182 0.695499 -0.39514
3.25489 1.89773 0.34906 4.05115 1.2784 0.648439 0.551505 -0.0986723 0.560487 -0.112806 -0.260607 0.674521 -0.432036
3.24691 1.90332 0.287559 4.09615 1.31217 0.638429 0.594222 0.0545264 0.557091 -0.0607419 -0.32968 0.680808 -0.43405
3.28791 1.92016 0.353075 4.14115 1.34525 0.628607 0.601585 0.0365114 0.571693 -0.0970291 -0.352088 0.666737 -0.443209
3.34027 1.94027 0.795534 4.18747 1.37868 0.621354 0.545873 -0.0343494 0.579673 -0.0962403 -0.36193 0.64981 -0.319152
3.32757 1.93587 0.496563 4.23434 1.41208 0.616112 0.582994 0.0416083 0.571184 -0.0773079 -0.437368 0.651469 -0.277034
3.36631 1.95499 0.664294 4.28062 1.4447 0.611852 0.563745 0.0493952 0.572372 -0.0370762 -0.455336 0.642886 -0.178591
3.40843 1.98303 1.00981 4.32727 1.47743 0.613071 0.497595 0.0850893 0.572033 0.0670526 -0.460588 0.642211 -0.0156259
3.4031 1.97966 0.819606 4.37296 1.50969 0.61726 0.5068 0.0846976 0.545375 0.0425982 -0.518873 0.644609 -0.0137965
3.44338 2.01323 1.16827 4.41687 1.54101 0.622028 0.428982 -0.0155812 0.532641 0.0118328 -0.515992 0.651016 0.149361
3.46629 2.04561 1.14524 4.4586 1.57108 0.627034 0.413334 0.0380823 0.514812 0.0709969 -0.525122 0.666499 0.264591
