-0.0490014 0.788603 -0.254531 2.5469e-06 0.5 1.18328e-05 0.0375438 -0.00529228 0 0 -0.0490006 -0.0113965 -0.254543
-0.0490014 0.788603 -0.254531 2.5469e-06 0.5 1.18328e-05 0.0424671 -0.00637621 0 0 -0.0490006 -0.0113965 -0.127277
-0.0360674 0.792298 -0.391377 0.00142117 0.5 0.000141994 0.129285 0.0836029 0.0232616 0.00552199 -0.037447 -0.00769684 -0.215445
-0.0206542 0.793051 -0.412437 0.00733761 0.500001 3.54982e-05 0.17307 0.104652 0.0249596 0.0118328 -0.0279814 -0.00694913 -0.264622
-0.00681657 0.794574 -0.446161 0.0169674 0.500004 0.000331319 0.236731 0.131349 0.0714829 0.00867741 -0.0236864 -0.00542158 -0.312825
0.00811292 0.796151 -0.407111 0.0305831 0.500007 0.000591642 0.248084 0.111313 0.107139 0.0102551 -0.022295 -0.00384238 -0.351231
0.0269213 0.795668 -0.386 0.0495728 0.500013 0.000473313 0.273352 0.092308 0.137532 0.00631082 -0.0225115 -0.0043348 -0.349768
0.0503522 0.792023 -0.331537 0.0713105 0.500025 0.000461481 0.277616 0.0406027 0.163341 0 -0.0208236 -0.00799223 -0.329531
0.0770252 0.784511 -0.333909 0.0972405 0.500037 0.000425983 0.303592 0.0258647 0.194922 0.00315544 -0.020094 -0.0155181 -0.301433
0.102322 0.773682 -0.315372 0.127021 0.500057 0.000437816 0.311341 -0.01233 0.222259 -0.00552197 -0.02458 -0.0263641 -0.27851
0.131089 0.76186 -0.327903 0.163437 0.50008 0.000603473 0.33297 -0.0132486 0.253671 -0.00473313 -0.0321896 -0.0382005 -0.264151
0.162098 0.746765 -0.435436 0.201521 0.500108 0.000851963 0.393698 0.0539534 0.281856 -0.00473313 -0.0392123 -0.05331 -0.290374
0.188593 0.735476 -0.416872 0.243542 0.500145 0.00102946 0.379378 0.0546987 0.31208 0.0078885 -0.0547063 -0.0646124 -0.311293
0.215372 0.725354 -0.268801 0.293051 0.500201 0.00097029 0.338345 -0.00548775 0.343491 -0.00236656 -0.0774607 -0.0747714 -0.299591
0.246981 0.719492 0.327267 0.340461 0.50024 0.000579807 0.36252 0.0490942 0.340605 0.00157775 -0.0933536 -0.0806941 -0.135408
0.281159 0.717785 0.452941 0.388829 0.500265 0.000354983 0.320779 -0.0130803 0.35249 0.00788857 -0.107594 -0.0824411 0.0869116
0.315045 0.717123 0.53481 0.441025 0.500394 0.00494612 0.116164 -0.244138 0.340944 0.0315542 -0.124907 -0.0826507 0.320241
0.344855 0.717821 0.306393 0.485824 0.500701 0.00915861 0.188251 -0.122005 0.310212 0.016566 -0.138974 -0.0815982 0.459827
0.387927 0.727222 0.21427 0.526768 0.501161 0.0135249 0.198118 -0.0685912 0.282536 0.0252434 -0.135771 -0.0720815 0.427211
0.431757 0.741813 0.19295 0.563612 0.501737 0.0179977 0.180072 -0.063515 0.251973 0.0252434 -0.127513 -0.0575905 0.357741
0.481313 0.757464 0.0629372 0.598607 0.502437 0.0225534 0.219478 0.0235118 0.223787 0.0378651 -0.111513 -0.0423925 0.235217
0.525813 0.769093 -0.0182342 0.62929 0.503183 0.0261861 0.229102 0.0420748 0.220052 0.022088 -0.0964797 -0.0314718 0.150427
0.575303 0.774738 -0.0401403 0.660895 0.504069 0.0307535 0.174599 -0.0148011 0.227013 0.0386539 -0.0772286 -0.0268271 0.0822573
0.628856 0.77506 -0.130508 0.693711 0.505181 0.0374509 0.174619 -0.0192737 0.2136 0.0520645 -0.0547044 -0.0278818 -0.00530445
0.682827 0.772209 -0.164447 0.720478 0.506246 0.0418764 0.169567 -0.0639204 0.183546 0.0244545 -0.0264838 -0.0326934 -0.0665759
0.731549 0.773706 -0.187232 0.745187 0.507262 0.0383029 0.181978 -0.117637 0.171151 -0.0410205 -0.00342532 -0.0332296 -0.105252
0.780597 0.769581 -0.22983 0.769613 0.508085 0.0268724 0.213186 -0.147001 0.178452 -0.101762 0.0180058 -0.0388933 -0.141244
0.829639 0.757846 -0.27624 0.798227 0.508625 0.00847231 0.246375 -0.155418 0.198658 -0.140416 0.0335222 -0.051054 -0.159277
0.873063 0.744893 -0.28855 0.828914 0.508649 -0.00843681 0.276297 -0.122337 0.226164 -0.129372 0.0421544 -0.0633917 -0.173393
0.907271 0.73887 -0.168315 0.863387 0.508098 -0.0256772 0.26826 -0.138778 0.258255 -0.144361 0.0379447 -0.0681776 -0.151424
0.943571 0.728514 -0.0124052 0.90089 0.506813 -0.0443968 0.355191 -0.00741859 0.266066 -0.141205 0.0327989 -0.076624 -0.0783479
0.976898 0.716126 0.138467 0.942422 0.504568 -0.0650688 0.480431 0.158675 0.289667 -0.146727 0.0206465 -0.0866487 0.0460007
1.00787 0.715594 0.429881 0.984864 0.501423 -0.0842853 0.406744 0.0710281 0.32006 -0.122273 0.00489166 -0.0846521 0.244825
1.04238 0.718878 0.619191 1.03132 0.497053 -0.103644 0.246881 -0.146569 0.350792 -0.127795 -0.0119468 -0.0782208 0.46106
1.06982 0.720962 0.426329 1.08277 0.491203 -0.12402 0.193667 -0.181781 0.334832 -0.137261 -0.0412656 -0.0736068 0.59112
1.09653 0.729691 0.414531 1.12676 0.485318 -0.14352 0.150917 -0.180189 0.310042 -0.145149 -0.0648716 -0.0624639 0.679636
1.1296 0.747196 0.585061 1.16662 0.479204 -0.162855 -0.00337908 -0.264219 0.275574 -0.133317 -0.0799818 -0.0415567 0.737766
1.16786 0.770084 0.596474 1.20242 0.472992 -0.182545 0.140389 -0.0549213 0.251294 -0.143572 -0.0879161 -0.014117 0.751777
1.19815 0.781476 0.288221 1.23633 0.466403 -0.203253 0.29485 0.249068 0.222599 -0.141205 -0.100988 0.000881874 0.737957
1.23679 0.796491 0.355112 1.26563 0.460099 -0.221735 0.248953 0.20548 0.212411 -0.134894 -0.102112 0.021814 0.741585
1.2842 0.804542 -0.00250589 1.29644 0.453047 -0.225995 0.153889 0.125062 0.225315 0.0102551 -0.0906858 0.0398158 0.598953
1.33057 0.814895 -0.0811819 1.32791 0.445917 -0.218706 0.138615 0.0966876 0.206299 0.0496979 -0.0774563 0.0607655 0.42225
1.36592 0.823779 -0.131967 1.35338 0.440344 -0.211465 0.142468 0.068086 0.177773 0.0512756 -0.068218 0.0775268 0.309962
1.41044 0.825428 -0.133422 1.375 0.435784 -0.203738 0.132139 0.0439522 0.149418 0.0536422 -0.04413 0.088756 0.180101
1.45915 0.820729 -0.123074 1.39389 0.43196 -0.195751 0.125706 0.0331855 0.132778 0.0410205 -0.0116018 0.0940378 0.141972
1.50232 0.820631 -0.106565 1.4127 0.428286 -0.190177 0.139817 0.0426139 0.125477 0.0260322 0.0138337 0.102212 0.130053
1.54426 0.812452 -0.157785 1.43105 0.424793 -0.185125 0.178065 0.0664673 0.139061 0.0402316 0.0399171 0.101873 0.118546
1.58159 0.809085 0.0130328 1.45136 0.421055 -0.179007 0.141416 0.0197144 0.157568 0.0394428 0.0590512 0.105016 0.149042
1.61634 0.809151 0.204565 1.4746 0.416928 -0.172038 0.196801 0.105586 0.150097 0.0315542 0.0725009 0.110697 0.223982
1.64614 0.809039 0.424734 1.4959 0.413266 -0.168121 0.353814 0.289618 0.162832 0.0339208 0.0818991 0.115333 0.35289
1.67457 0.810035 0.548162 1.52096 0.409055 -0.164607 0.360081 0.297665 0.193564 0.0425982 0.0858372 0.120732 0.525863
1.70444 0.819479 0.703734 1.55204 0.403947 -0.161104 0.310258 0.224746 0.218863 0.0260322 0.0837728 0.134598 0.695035
1.73236 0.831711 0.818892 1.58514 0.398658 -0.156454 0.278941 0.164726 0.251124 0.0212991 0.0779448 0.150702 0.843967
1.75563 0.844969 0.841017 1.62117 0.39308 -0.147638 0.276343 0.228393 0.265387 0.104918 0.0665259 0.166753 0.939222
1.78016 0.869719 0.816835 1.65845 0.387874 -0.125475 0.275102 0.311139 0.272008 0.212991 0.0604571 0.193288 0.984227
1.81159 0.904023 0.800038 1.69939 0.383413 -0.0858827 0.263032 0.370062 0.276083 0.312387 0.0671267 0.228315 0.968711
1.85159 0.942221 0.730019 1.73709 0.380955 -0.03893 0.299779 0.453384 0.267594 0.366029 0.0925657 0.265297 0.89954
1.88463 0.969691 0.68545 1.77512 0.380391 0.01246 0.282046 0.410984 0.280158 0.364451 0.11685 0.287889 0.809258
1.91998 0.996457 0.60105 1.8147 0.3819 0.0683346 0.191703 0.309378 0.284743 0.412571 0.147 0.305933 0.699437
1.95623 1.02255 0.371976 1.85522 0.385831 0.129996 0.263439 0.381305 0.261991 0.412571 0.182695 0.318251 0.530761
1.99394 1.04933 0.373834 1.89131 0.391522 0.18542 0.286134 0.341806 0.265896 0.386539 0.22214 0.327615 0.38629
2.03352 1.07107 0.37239 1.92848 0.399452 0.238148 0.303392 0.311226 0.282705 0.379439 0.260514 0.32788 0.255298
2.07296 1.09146 0.290903 1.97084 0.410851 0.289644 0.367045 0.297356 0.306476 0.357352 0.292253 0.323092 0.126264
2.11357 1.10936 0.205655 2.01227 0.42414 0.333272 0.403375 0.247401 0.323286 0.307654 0.319886 0.314384 0.0410566
2.15263 1.12315 0.142219 2.05643 0.440464 0.377834 0.385016 0.189327 0.354698 0.298976 0.341266 0.29904 -0.0614096
2.19993 1.12987 0.127836 2.10674 0.461647 0.420148 0.497304 0.200339 0.367093 0.24139 0.357646 0.272095 -0.164862
2.23645 1.13737 0.627646 2.15543 0.484346 0.454132 0.375689 0.0679287 0.395618 0.244545 0.359285 0.251294 -0.114661
2.264 1.14348 0.440752 2.20548 0.509674 0.482886 0.617156 0.291685 0.400372 0.194058 0.346133 0.234165 -0.0846403
2.29861 1.15068 0.441755 2.25519 0.536421 0.505084 0.709633 0.338355 0.412767 0.144361 0.335223 0.21655 -0.0319545
2.32522 1.15145 0.549517 2.3115 0.568357 0.528431 0.708021 0.395382 0.446725 0.171182 0.305826 0.196641 0.0501196
2.34537 1.15808 0.779724 2.36681 0.601333 0.549126 0.605601 0.295881 0.472534 0.145938 0.272298 0.186085 0.0674433
2.36744 1.17409 1.05894 2.42489 0.637691 0.571325 0.439143 0.0870586 0.502587 0.179859 0.24173 0.18228 0.199791
2.38166 1.19053 1.08494 2.48337 0.676107 0.592896 0.391096 0.0274804 0.487306 0.126217 0.203091 0.183453 0.339015
2.39675 1.21439 1.00976 2.54175 0.716369 0.616266 0.375699 0.0637562 0.460818 0.145149 0.169524 0.190218 0.430707
2.41155 1.23896 0.97173 2.59222 0.752844 0.638216 0.356442 0.0925529 0.436877 0.169604 0.144498 0.198074 0.456759
2.42626 1.27 0.917482 2.6383 0.787695 0.658899 0.351834 0.105942 0.405636 0.161715 0.127634 0.211168 0.400711
2.44798 1.31119 0.865154 2.68364 0.823587 0.681962 0.358339 0.10893 0.374563 0.140416 0.124397 0.227087 0.322703
2.47402 1.35174 0.833682 2.72272 0.855897 0.699569 0.389637 0.113786 0.357754 0.119117 0.128982 0.239518 0.261076
2.49613 1.38502 0.828666 2.76157 0.889083 0.714904 0.40992 0.0825513 0.3693 0.0780967 0.124665 0.248515 0.209975
2.52217 1.41448 0.68568 2.80597 0.928263 0.731352 0.311593 0.0113763 0.405636 0.111229 0.113513 0.251418 0.135577
2.55001 1.44175 0.514653 2.84731 0.965781 0.743066 0.285671 -0.00240221 0.392901 0.0962404 0.103086 0.251643 0.0362368
2.58409 1.48064 0.537702 2.88543 1.00118 0.754781 0.257497 -0.0135263 0.360471 0.0954515 0.108985 0.255705 -0.0494728
2.61324 1.49939 0.53391 2.92032 1.03436 0.766602 0.234943 -0.0385461 0.332455 0.0851964 0.101406 0.247966 -0.134983
2.64494 1.521 0.415658 2.95401 1.06716 0.778731 0.287339 -0.0138058 0.301892 0.0804633 0.0987624 0.240135 -0.214617
2.67542 1.54273 0.327444 2.98301 1.09601 0.784742 0.356514 -0.0295453 0.292553 0.0149882 0.0980261 0.23344 -0.267431
2.71285 1.5591 0.207796 3.01233 1.12529 0.783653 0.437374 -0.0131018 0.313438 -0.00788857 0.0940798 0.218685 -0.348819
2.75411 1.57181 0.246291 3.04665 1.15945 0.783393 0.383939 -0.0394896 0.334153 0 0.0837281 0.198611 -0.420463
2.7883 1.5838 0.576233 3.08198 1.19452 0.780458 0.237164 -0.179876 0.362338 -0.0126217 0.0652089 0.183257 -0.377384
2.81559 1.60204 0.682928 3.11798 1.2301 0.778245 0.45722 0.0483709 0.353509 -0.0126217 0.0457665 0.177168 -0.286301
2.84746 1.61917 0.776664 3.15314 1.26469 0.776198 0.431426 0.0518061 0.364206 0.00394432 0.0302168 0.167096 -0.142036
2.88975 1.63159 0.910232 3.1938 1.30452 0.774518 0.346955 -0.0364391 0.396637 0.0141994 0.0114282 0.146419 0.0256292
2.9117 1.66231 1.08167 3.23266 1.34248 0.772566 0.270008 -0.0922273 0.383223 0.00394432 -0.00660934 0.153058 0.15394
2.92836 1.69353 1.16809 3.26884 1.37769 0.770779 0.183495 -0.144118 0.343491 -0.0197214 -0.0242027 0.163777 0.277017
2.94776 1.73136 1.08005 3.30225 1.41007 0.768507 0.1903 -0.104319 0.323456 -0.00552201 -0.0315421 0.177391 0.355136
2.97542 1.76784 1.02894 3.33487 1.44153 0.766282 0.185173 -0.0721069 0.294082 0.0078885 -0.0327101 0.184368 0.387038
3.00319 1.81143 0.949423 3.36223 1.46782 0.764011 0.227838 -0.0389627 0.264028 -0.0149882 -0.0215378 0.196502 0.356249
3.03348 1.85301 0.762605 3.38706 1.49157 0.762141 0.139555 -0.0923854 0.234824 -0.0181437 -0.00620846 0.20559 0.256747
3.06138 1.8931 0.503397 3.41098 1.51431 0.757077 0.159639 -0.0646051 0.209864 -0.0331319 0.00604533 0.215428 0.117648
3.10244 1.93422 0.510281 3.43031 1.5325 0.752367 0.150153 -0.0832466 0.180999 -0.0410205 0.0351587 0.217349 -0.00730765
3.14836 1.96702 0.473719 3.44711 1.54815 0.746415 0.168192 -0.0924554 0.158756 -0.0560087 0.0650909 0.210363 -0.120282
3.19071 1.99559 0.454623 3.46367 1.5633 0.735138 0.200734 -0.121466 0.167416 -0.093085 0.0874642 0.203714 -0.186001
3.23373 2.02128 0.444579 3.48352 1.58102 0.721673 0.225992 -0.121309 0.185414 -0.0883518 0.103345 0.195524 -0.187239
3.27508 2.04477 0.406439 3.50523 1.59985 0.706929 0.277667 -0.116023 0.215807 -0.0938738 0.11398 0.187779 -0.198456
3.31645 2.06251 0.666317 3.53001 1.62075 0.692055 0.202599 -0.209472 0.244332 -0.13805 0.117471 0.176402 -0.135433
3.34808 2.0838 0.629516 3.55796 1.64356 0.675868 0.425234 0.000486274 0.232786 -0.109651 0.111661 0.174758 -0.075522
3.37934 2.09778 0.767297 3.58373 1.66392 0.66026 0.423241 0.0333482 0.244332 -0.122273 0.10466 0.168035 0.0207649
3.41164 2.11565 0.970764 3.61294 1.68627 0.645221 0.311478 -0.0579413 0.275065 -0.104129 0.0973904 0.16412 0.176886
3.43757 2.13857 0.979627 3.64553 1.71042 0.629897 0.321387 -0.0367609 0.302401 -0.101762 0.0841593 0.168484 0.270537
3.46275 2.16321 1.13037 3.68342 1.7377 0.619283 0.213919 -0.0998276 0.317853 -0.0504867 0.0673048 0.174575 0.406365
3.48052 2.1882 1.10853 3.71874 1.76273 0.613876 0.190915 -0.0711054 0.300534 -0.0205103 0.0503631 0.185016 0.49708
3.50018 2.22059 1.02533 3.75116 1.78545 0.608468 0.197609 -0.0415258 0.273027 -0.0252434 0.0427944 0.200506 0.51613
3.52785 2.26249 0.881468 3.78213 1.80691 0.602859 0.265437 0.0200815 0.239238 -0.0449648 0.0488607 0.219449 0.497198
3.56106 2.29029 0.67915 3.8104 1.82626 0.5977 0.134062 -0.0782916 0.255029 -0.0331319 0.0550124 0.223891 0.389552
3.59112 2.32312 0.640216 3.83923 1.84585 0.595736 0.118818 -0.0793017 0.241446 -0.0078885 0.0624264 0.234272 0.274438
3.62859 2.35345 0.4417 3.86675 1.86448 0.594328 0.203293 -0.00346559 0.210204 -0.00631085 0.0764764 0.238472 0.129938
3.66878 2.38731 0.388151 3.89044 1.88049 0.593819 0.26305 0.0174313 0.20477 0 0.099865 0.244082 0.00711791
3.70858 2.41745 0.342719 3.91504 1.89709 0.593689 0.352075 0.0190841 0.223108 -0.011044 0.119972 0.246812 -0.0768596
3.75454 2.44338 0.344021 3.94254 1.9156 0.592884 0.378831 0.0512819 0.250445 0.054431 0.138986 0.242744 -0.150104
3.80421 2.46989 0.350094 3.97631 1.93834 0.592281 0.382646 0.00216162 0.282196 0.00473313 0.153956 0.237086 -0.172402
3.85387 2.49217 0.6919 4.01097 1.96167 0.591843 0.329504 -0.045077 0.309193 -0.0197214 0.165583 0.227914 -0.0960266
3.89482 2.5164 0.75931 4.04853 1.9869 0.589713 0.474742 0.0446117 0.32838 -0.048909 0.166718 0.22555 0.010251
3.9377 2.53903 0.826099 4.0878 2.01299 0.582696 0.43994 0.0390289 0.349094 -0.0315542 0.164138 0.221833 0.137787
3.97842 2.56911 0.95692 4.13383 2.04314 0.576188 0.364505 -0.0340205 0.376941 -0.0520645 0.156244 0.225726 0.296002
4.01504 2.59935 1.00098 4.17786 2.07157 0.569881 0.319394 -0.0500958 0.366413 -0.0410205 0.147664 0.232213 0.379579
4.0371 2.62739 1.04015 4.21979 2.09832 0.565325 0.283941 -0.0313375 0.346548 -0.00552201 0.129154 0.244628 0.454346
4.06647 2.66618 1.03784 4.26132 2.12453 0.559871 0.246714 -0.0580057 0.317343 -0.043387 0.122554 0.262439 0.512736
4.09715 2.71612 0.90659 4.29642 2.14642 0.555575 0.29324 0.0128204 0.283554 -0.0331319 0.13118 0.289117 0.504449
4.12291 2.758 0.80134 4.33017 2.16727 0.552167 0.374326 0.0874347 0.290176 -0.016566 0.133398 0.311656 0.457947
4.12291 2.758 0.80134 4.36563 2.18915 0.555279 0.391392 0.126789 0.312589 0.0323431 0.0936359 0.311344 0.395132
4.12291 2.758 0.80134 4.40801 2.21546 0.556676 0.411755 0.123504 0.345868 0.0260323 0.0446111 0.311261 0.33461
4.12291 2.758 0.80134 4.45091 2.2422 0.558072 0.422904 0.101589 0.372186 -0.00631088 -0.00509644 0.311233 0.306901
4.12291 2.758 0.80134 4.49701 2.27104 0.559681 0.431115 0.1277 0.400032 0.033132 -0.0584839 0.311281 0.305292
