0.050939 0.810812 0.576419 7.64076e-06 0.800001 -3.54985e-05 0.0683507 -0.526088 0 0 0.050931 0.0108128 0.576455
0.050939 0.810812 0.576419 7.64076e-06 0.800001 -3.54985e-05 0.0738152 -0.571244 0 0 0.050931 0.0108128 0.576455
0.0714856 0.834673 0.565976 -2.54688e-06 0.800001 -0.0023784 0.0807065 -0.126206 -0.0105272 -0.11044 0.0714055 0.0348411 0.568354
0.0923279 0.833201 -0.251832 0.00044569 0.799998 -0.0110637 0.0872354 -0.121473 -0.00679172 -0.0946627 0.0915093 0.0342175 -0.240768
0.0908354 0.828329 0.271815 0.00317813 0.799953 -0.0214411 0.109382 -0.656856 0.00101876 -0.13095 0.0870287 0.0302491 0.293256
0.118178 0.833553 -0.306383 0.00667894 0.799863 -0.0321971 0.151301 -0.106533 0.0382034 -0.0986069 0.110356 0.0372618 -0.274186
0.115272 0.834277 0.0539014 0.0111424 0.79968 -0.0507984 0.1497 -0.629182 0.048391 -0.15856 0.102239 0.0398397 0.1047
0.14033 0.836604 -0.195809 0.0171626 0.79932 -0.0713638 0.15429 -0.503059 0.0592578 -0.215358 0.120195 0.0459721 -0.124445
0.169063 0.831798 -0.272627 0.024325 0.798724 -0.0964258 0.20446 -0.264708 0.0713131 -0.276099 0.140882 0.0468554 -0.176201
0.165928 0.834566 -0.416068 0.033539 0.797726 -0.121287 0.183429 -0.328701 0.0865945 -0.301343 0.126959 0.0525872 -0.294782
0.191317 0.828079 -0.563029 0.0443087 0.796273 -0.147733 0.209639 -0.155829 0.10663 -0.291877 0.140725 0.0530987 -0.415296
0.22528 0.810452 -0.383537 0.0575844 0.794147 -0.172144 0.245305 -0.168963 0.136683 -0.250067 0.162424 0.0447888 -0.211393
0.217473 0.816434 -0.632312 0.0727369 0.791338 -0.19665 0.265875 0.00569137 0.157398 -0.253223 0.137043 0.0528913 -0.435662
0.245389 0.801754 -0.663108 0.089635 0.787772 -0.221321 0.294628 0.119913 0.177264 -0.265055 0.148885 0.0478315 -0.441787
0.279828 0.777132 -0.418837 0.108588 0.783279 -0.245981 0.271722 -0.0189076 0.200526 -0.251645 0.167582 0.0357361 -0.172856
0.274907 0.785282 -0.651213 0.129201 0.777856 -0.270842 0.329687 0.283683 0.218693 -0.252434 0.138408 0.0461374 -0.380371
0.30772 0.765965 -0.181622 0.15106 0.771549 -0.291585 0.281163 -0.0506821 0.226164 -0.181437 0.151652 0.0396871 0.109963
0.33747 0.751603 -0.0892569 0.173645 0.764581 -0.308458 0.322868 -0.0827321 0.242804 -0.178281 0.160033 0.0373703 0.219201
0.334884 0.753217 -0.396341 0.200358 0.755823 -0.326539 0.348315 0.507133 0.265386 -0.166449 0.128254 0.040683 -0.0698023
0.367954 0.74086 -0.0229726 0.226165 0.746889 -0.340016 0.356784 0.141975 0.273537 -0.101762 0.135682 0.0416032 0.317044
0.401865 0.735976 0.0563859 0.252446 0.737488 -0.347412 0.367553 0.135277 0.284573 -0.0678416 0.141008 0.0494513 0.403798
0.396972 0.733449 0.0931427 0.277643 0.728281 -0.35405 0.357286 0.203105 0.304099 -0.0844075 0.110136 0.046219 0.447193
0.437499 0.738396 0.176926 0.307024 0.717327 -0.358807 0.380354 0.108636 0.314117 -0.00315538 0.114767 0.0655445 0.535733
0.478019 0.749746 0.254139 0.336982 0.706108 -0.357482 0.381463 0.0666058 0.330417 0.0205102 0.116852 0.0902301 0.611621
0.470397 0.736421 0.330182 0.368893 0.69421 -0.356133 0.40038 -0.00219878 0.346038 0.00946626 0.0804178 0.0749513 0.686315
0.520037 0.760924 0.263441 0.402789 0.681622 -0.354819 0.409891 0.088474 0.371847 0.0394428 0.0823935 0.115097 0.61826
0.512706 0.745949 0.336669 0.438554 0.668397 -0.353518 0.438391 -0.0435427 0.388486 0.0173548 0.0427176 0.0984281 0.690186
0.558988 0.758215 0.293836 0.475997 0.654626 -0.351127 0.459055 -0.0541333 0.405636 0.0339208 0.0422975 0.125814 0.644964
0.616167 0.782163 0.0927641 0.515446 0.640232 -0.348453 0.45414 0.24572 0.425671 0.0370762 0.0462061 0.167792 0.441217
0.607034 0.770954 0.20933 0.556267 0.625473 -0.343969 0.484544 -0.0233145 0.436708 0.0567976 -0.00126661 0.154079 0.553298
0.656448 0.781629 0.106506 0.597859 0.610808 -0.332633 0.50032 0.0338053 0.446556 0.119906 -0.000400709 0.18059 0.439139
0.71928 0.78508 -0.147849 0.641343 0.596042 -0.321072 0.48957 0.100396 0.463875 0.105707 0.014297 0.203974 0.173223
0.707677 0.787943 0.00655071 0.68686 0.581148 -0.310446 0.530297 0.0211784 0.488834 0.108073 -0.0433503 0.203269 0.316997
0.760885 0.789506 -0.0910148 0.733799 0.566327 -0.300282 0.530572 0.0183485 0.494098 0.0773078 -0.04014 0.221205 0.209267
0.822818 0.778405 -0.277814 0.782662 0.55144 -0.290721 0.532521 0.107662 0.515492 0.0788854 -0.0265868 0.228951 0.012907
0.81443 0.786918 -0.198068 0.832743 0.536626 -0.283219 0.539192 0.0597321 0.529754 0.104129 -0.0875279 0.235203 0.0851506
0.874415 0.773727 -0.326814 0.883972 0.521954 -0.274403 0.539243 0.0874593 0.537904 0.0978181 -0.0774238 0.239763 -0.0524103
0.924173 0.760376 -0.34348 0.93589 0.507509 -0.267079 0.534723 0.0741318 0.539772 0.0686304 -0.0780366 0.24081 -0.076401
0.914238 0.770839 -0.421149 0.987661 0.493561 -0.258583 0.513255 0.17951 0.540791 0.0844075 -0.141885 0.249284 -0.162566
0.972614 0.744013 -0.324582 1.04367 0.478981 -0.248868 0.497596 0.138739 0.528905 0.145938 -0.134148 0.239364 -0.0757143
1.01041 0.737833 -0.152583 1.08901 0.467702 -0.237485 0.457012 0.104778 0.50904 0.132528 -0.139947 0.244057 0.0849023
0.996738 0.742311 -0.487996 1.13781 0.456164 -0.22512 0.432911 0.35876 0.497494 0.112018 -0.201388 0.247436 -0.262876
1.04512 0.725884 -0.026381 1.1895 0.444668 -0.210411 0.393529 0.357138 0.479156 0.168815 -0.199931 0.244859 0.18403
1.07848 0.711609 0.0403386 1.23101 0.436078 -0.195206 0.354753 0.47756 0.45929 0.198003 -0.203071 0.240713 0.235545
1.06931 0.713085 -0.284874 1.27515 0.427695 -0.178392 0.336991 0.649584 0.441801 0.16566 -0.253213 0.244336 -0.106482
1.10818 0.706546 0.112078 1.31781 0.420357 -0.159187 0.314931 0.624265 0.43484 0.250067 -0.252346 0.249341 0.271266
1.10364 0.704084 -0.0436245 1.35956 0.414082 -0.136515 0.2974 0.786894 0.417521 0.227979 -0.293009 0.252475 0.0928909
1.13388 0.701042 0.297627 1.39982 0.408992 -0.111406 0.278112 0.573555 0.403938 0.286355 -0.296766 0.260673 0.409033
1.16377 0.709809 0.616336 1.4432 0.40479 -0.0779784 0.286746 0.0705639 0.391203 0.320275 -0.302346 0.282324 0.694315
1.15984 0.705005 0.533504 1.47692 0.402564 -0.0505262 0.253148 0.24805 0.372017 0.313176 -0.331949 0.28604 0.58403
1.18335 0.714503 0.610241 1.51264 0.401243 -0.0201868 0.247203 0.130863 0.350623 0.314753 -0.335541 0.30655 0.630428
1.21567 0.742636 0.699283 1.54628 0.401017 0.0104129 0.240837 0.300557 0.332285 0.313176 -0.327037 0.345042 0.688871
1.2081 0.728194 0.605354 1.57792 0.401771 0.0405038 0.235015 0.103155 0.3114 0.302921 -0.356299 0.34113 0.564851
1.23698 0.744568 0.577707 1.60759 0.403363 0.0708432 0.237535 0.0878657 0.289497 0.31002 -0.345538 0.366583 0.506864
1.27628 0.78 0.687636 1.63528 0.405691 0.099029 0.208359 0.34527 0.275744 0.258745 -0.320241 0.407969 0.588607
1.27271 0.763884 0.534737 1.66186 0.408627 0.123748 0.232511 0.0327704 0.261821 0.239812 -0.342324 0.400573 0.410989
1.31498 0.794838 0.406759 1.68684 0.412005 0.146088 0.211366 0.114599 0.250615 0.20668 -0.312174 0.432887 0.260671
1.3594 0.806455 -0.00548182 1.71111 0.415756 0.161767 0.226662 0.0576439 0.239918 0.13805 -0.284186 0.442244 -0.167248
1.35323 0.804783 0.341311 1.73394 0.41963 0.174416 0.243704 -0.0453928 0.231428 0.114384 -0.308096 0.445374 0.166895
1.4048 0.818304 -0.0532268 1.75666 0.423702 0.179362 0.237422 -0.0895852 0.231258 0.0315542 -0.275821 0.451045 -0.232589
1.45059 0.826929 -0.0554699 1.78159 0.428213 0.176925 0.251381 -0.169046 0.230749 -0.0449648 -0.255662 0.450749 -0.232394
1.4446 0.835919 0.116511 1.8052 0.43233 0.166358 0.277762 -0.136566 0.241276 -0.120695 -0.288791 0.45773 -0.0498463
1.50571 0.838329 0.0265311 1.82993 0.436328 0.153318 0.268813 -0.241476 0.255878 -0.131739 -0.259026 0.4468 -0.126787
1.55728 0.842208 0.0196957 1.85354 0.439832 0.138586 0.27344 -0.273612 0.264877 -0.200369 -0.237836 0.439444 -0.11889
1.54686 0.851435 -0.0747235 1.88017 0.443274 0.11524 0.298022 -0.0761118 0.272857 -0.262689 -0.284165 0.44378 -0.189963
1.60858 0.84261 -0.016039 1.90738 0.446104 0.0904265 0.272083 -0.222718 0.274046 -0.212991 -0.261778 0.421869 -0.106466
1.59676 0.853602 -0.147998 1.93465 0.448332 0.0699794 0.272007 0.100914 0.273876 -0.205891 -0.308725 0.427904 -0.217977
1.64143 0.852607 -0.156707 1.96167 0.449972 0.0506209 0.243857 0.263075 0.271669 -0.160927 -0.29946 0.418323 -0.207328
1.69103 0.848399 0.0946264 1.99158 0.451302 0.038717 0.230428 0.0299632 0.27048 -0.0749413 -0.284946 0.408433 0.0559094
1.6813 0.850577 -0.0813428 2.01555 0.452198 0.0355695 0.214622 0.442842 0.260802 -0.0394428 -0.31987 0.410014 -0.116912
1.71739 0.849468 0.0806315 2.04076 0.453066 0.0341732 0.20078 0.476764 0.249766 0.00394425 -0.309636 0.407219 0.0464583
1.76281 0.856799 0.466107 2.06598 0.454006 0.0425745 0.182172 0.482442 0.253841 0.112806 -0.285753 0.415332 0.423533
1.75294 0.851226 0.293093 2.09089 0.455235 0.058679 0.195369 0.54285 0.247388 0.175915 -0.314152 0.41513 0.234414
1.78913 0.859311 0.495375 2.11511 0.456885 0.0807473 0.193307 0.461507 0.245181 0.246123 -0.292461 0.427408 0.414628
1.82544 0.881425 0.796935 2.13878 0.459111 0.110732 0.181125 0.427462 0.234654 0.306076 -0.264754 0.454354 0.686203
1.82426 0.873413 0.661107 2.16066 0.461847 0.141793 0.177995 0.358681 0.217335 0.310809 -0.274865 0.454976 0.519314
1.84516 0.890148 0.827369 2.18055 0.464967 0.173233 0.187116 0.383894 0.196281 0.307654 -0.257077 0.476626 0.654136
1.8779 0.919666 0.824547 2.19893 0.46846 0.20724 0.194527 0.29473 0.18847 0.356563 -0.22132 0.507606 0.617307
1.88731 0.915564 0.770221 2.2172 0.472625 0.243165 0.190594 0.193095 0.184905 0.341574 -0.213535 0.509338 0.527056
1.9128 0.94858 0.796352 2.23557 0.477445 0.271658 0.225011 0.208478 0.191866 0.272944 -0.184509 0.540464 0.524693
1.95747 0.982509 0.559098 2.25621 0.483443 0.295407 0.233533 0.0739147 0.201205 0.207469 -0.140506 0.56442 0.263692
1.94703 0.965972 0.65063 2.2744 0.489143 0.313357 0.269466 0.0712887 0.210204 0.189325 -0.164445 0.554524 0.337273
1.98878 1.00345 0.219583 2.2975 0.496822 0.329343 0.267173 0.192637 0.22956 0.143572 -0.128272 0.579242 -0.10976
2.03162 1.02281 0.188058 2.31825 0.50407 0.343767 0.286455 0.0750758 0.251294 0.154616 -0.0950276 0.584991 -0.155709
2.02367 1.02072 0.447842 2.34541 0.51402 0.360061 0.332783 0.0604655 0.268952 0.148305 -0.122581 0.587567 0.087781
2.0759 1.03926 0.173922 2.36885 0.522989 0.372107 0.320153 0.0551337 0.291195 0.149094 -0.0851903 0.58745 -0.198185
2.06823 1.04607 0.325821 2.39643 0.533949 0.385419 0.348265 0.0780426 0.305288 0.134105 -0.111598 0.597944 -0.0595984
2.11352 1.06668 0.192534 2.42542 0.54588 0.396211 0.350934 0.143039 0.319381 0.0907183 -0.0867446 0.600822 -0.203677
2.16076 1.07264 0.103413 2.45607 0.55888 0.407144 0.363264 0.117331 0.342812 0.117539 -0.0677265 0.588704 -0.303731
2.15596 1.08037 0.092838 2.48814 0.57291 0.419131 0.354022 0.285461 0.360471 0.134894 -0.0969098 0.598721 -0.326293
2.19445 1.08912 0.0555769 2.52114 0.587842 0.433153 0.3323 0.430952 0.365055 0.175126 -0.086118 0.592103 -0.377576
2.24049 1.09355 0.305664 2.55712 0.604952 0.458842 0.331371 0.21372 0.364036 0.274522 -0.0674713 0.578297 -0.153178
2.22805 1.09496 0.0971011 2.58562 0.619446 0.485442 0.302269 0.560894 0.348415 0.28241 -0.0943806 0.58742 -0.388341
2.25938 1.10108 0.189584 2.61589 0.635911 0.515012 0.287314 0.619445 0.340605 0.318698 -0.0811429 0.580424 -0.325428
2.29383 1.1151 0.541732 2.64535 0.653235 0.552818 0.267774 0.614593 0.342303 0.389695 -0.0566469 0.577646 -0.0110865
2.29144 1.10916 0.329271 2.67291 0.670922 0.592837 0.266086 0.705701 0.326342 0.410205 -0.0715211 0.576591 -0.263566
2.32754 1.12696 0.700524 2.69851 0.688872 0.636157 0.24859 0.568028 0.313947 0.477258 -0.0381291 0.572784 0.0643675
2.36093 1.14452 0.825651 2.72258 0.707461 0.684423 0.245649 0.459979 0.297817 0.481202 -0.00388178 0.567267 0.141228
2.35765 1.13732 0.761339 2.74459 0.726273 0.735363 0.246103 0.553389 0.279989 0.489879 -0.0111972 0.564414 0.0259759
2.38638 1.16603 1.02143 2.76389 0.744515 0.78486 0.25458 0.303481 0.26216 0.492246 0.0308107 0.565008 0.236567
2.40226 1.18768 1.00385 2.78152 0.762939 0.83341 0.282292 0.293461 0.250445 0.456747 0.0594022 0.566317 0.170441
2.4087 1.18168 1.07689 2.79999 0.784142 0.877807 0.280127 0.10436 0.258085 0.396005 0.055872 0.554988 0.199086
2.42567 1.22185 0.939253 2.81505 0.802842 0.90985 0.322532 0.218036 0.264028 0.339997 0.0917437 0.564588 0.029403
2.45154 1.2567 0.933951 2.83277 0.826345 0.941432 0.339592 0.175567 0.277951 0.292665 0.123492 0.561509 -0.0074814
2.44845 1.24126 1.01903 2.84787 0.847592 0.966837 0.372241 -0.0176065 0.294082 0.288721 0.0971956 0.552328 0.0521933
2.4776 1.29385 0.776627 2.86676 0.875835 0.997756 0.375741 0.246339 0.315985 0.278466 0.140242 0.553641 -0.221129
2.47057 1.27547 0.936019 2.88394 0.903097 1.02137 0.420112 -0.0563119 0.326852 0.23429 0.101709 0.546986 -0.0853553
2.49748 1.31161 0.847178 2.8997 0.92943 1.04345 0.449787 -0.0525584 0.348076 0.247701 0.127846 0.539907 -0.196277
2.53457 1.35153 0.42375 2.91743 0.960633 1.06675 0.409165 0.00829955 0.367093 0.22719 0.157376 0.524039 -0.643004
2.52918 1.34772 0.752385 2.93695 0.996976 1.08976 0.465189 -0.132958 0.375073 0.186959 0.122263 0.523782 -0.337372
2.56382 1.38181 0.638722 2.95267 1.02752 1.10238 0.454831 -0.148127 0.386109 0.146727 0.140578 0.506915 -0.463661
2.60506 1.40687 0.33266 2.97041 1.06317 1.11614 0.442212 -0.0555462 0.403598 0.120695 0.148341 0.479177 -0.783484
2.60013 1.41201 0.509878 2.98997 1.10361 1.12492 0.443696 -0.185625 0.415993 0.0583753 0.110125 0.484722 -0.615046
2.63655 1.43681 0.371586 3.00617 1.13765 1.1276 0.432979 -0.12274 0.41871 0.0157771 0.111753 0.462198 -0.756012
2.67862 1.45025 0.301644 3.02416 1.17539 1.12264 0.430806 -0.216145 0.425841 -0.0946627 0.0979942 0.430511 -0.820996
2.67196 1.45625 0.250642 3.04285 1.21383 1.11096 0.416396 -0.105135 0.427878 -0.140416 0.0526385 0.439951 -0.860319
2.71705 1.46519 0.380038 3.06221 1.25214 1.09422 0.401782 -0.290226 0.431784 -0.134894 0.030971 0.404437 -0.71418
2.75114 1.47859 0.581107 3.08151 1.289 1.08057 0.37947 -0.376514 0.416333 -0.164082 0.0117163 0.380729 -0.499467
2.74004 1.4823 0.181444 3.10143 1.32552 1.05925 0.366535 0.0873883 0.416163 -0.243756 -0.0401957 0.391876 -0.877808
2.77979 1.49459 0.678677 3.12177 1.3609 1.03769 0.344744 -0.025496 0.404277 -0.216935 -0.0586583 0.362471 -0.359015
2.80927 1.50816 0.839621 3.14246 1.3954 1.02226 0.32583 0.0335946 0.395788 -0.127006 -0.0775183 0.343106 -0.182641
2.80436 1.50361 0.46279 3.16265 1.42795 1.0076 0.299437 0.286323 0.377789 -0.142783 -0.127317 0.343349 -0.544811
2.83738 1.52383 1.07127 3.18431 1.46174 0.9941 0.292433 -0.0738499 0.367093 -0.100974 -0.137113 0.324682 0.0771724
2.86404 1.54404 1.1501 3.20407 1.49194 0.988065 0.299264 -0.0986053 0.354018 -0.0370762 -0.14362 0.312587 0.162032
2.86249 1.53605 0.941337 3.22106 1.51759 0.983001 0.287279 -0.0803619 0.338058 -0.0623196 -0.183472 0.308628 -0.041664
2.88598 1.56475 1.1735 3.24076 1.54697 0.976647 0.293052 -0.142091 0.313778 -0.059953 -0.183874 0.303933 0.19685
2.88717 1.55944 1.07095 3.25626 1.56979 0.969843 0.287455 -0.260814 0.302741 -0.0859853 -0.217233 0.298568 0.101108
2.90965 1.5892 1.08122 3.27335 1.59445 0.955915 0.309105 -0.383022 0.298157 -0.195636 -0.214101 0.294063 0.125303
2.92962 1.62927 1.03002 3.29252 1.62098 0.92999 0.322704 -0.252399 0.296968 -0.273733 -0.210307 0.295863 0.100027
2.93217 1.62351 1.02204 3.30913 1.64271 0.903271 0.348037 -0.419878 0.31208 -0.302921 -0.248431 0.284164 0.118772
2.95705 1.66127 0.925568 3.32921 1.66751 0.873973 0.379947 -0.365205 0.324305 -0.29661 -0.243637 0.281399 0.0515953
2.99515 1.71432 0.812782 3.35092 1.69269 0.841279 0.378948 -0.297433 0.340775 -0.328953 -0.220994 0.279649 -0.0284965
2.98665 1.70113 0.824186 3.37465 1.71846 0.809141 0.421441 -0.334425 0.356735 -0.333686 -0.280305 0.268832 0.0150447
3.02225 1.74205 0.726686 3.40073 1.74503 0.777062 0.448972 -0.288892 0.384242 -0.325797 -0.271936 0.263265 -0.0503762
3.06827 1.78632 0.436886 3.42909 1.7721 0.744321 0.41952 -0.229159 0.395278 -0.318698 -0.255769 0.254898 -0.307435
3.065 1.78216 0.639608 3.4595 1.79934 0.714573 0.458913 -0.241025 0.413106 -0.298976 -0.309252 0.245539 -0.0749648
3.11262 1.82213 0.383906 3.4913 1.82627 0.688837 0.443131 -0.14467 0.427539 -0.236657 -0.294968 0.237509 -0.304931
3.15746 1.85196 0.33566 3.52502 1.85343 0.66607 0.44727 -0.106798 0.436029 -0.187748 -0.289906 0.225964 -0.33041
3.15849 1.85368 0.428994 3.55969 1.88024 0.650108 0.449403 0.00783564 0.443499 -0.134105 -0.335442 0.221694 -0.221114
3.20861 1.87542 0.33157 3.59521 1.90697 0.64057 0.440832 -0.0100149 0.448763 -0.0702081 -0.328821 0.205755 -0.309001
3.25489 1.89773 0.34906 3.63058 1.93328 0.63863 0.420496 0.0261113 0.440613 -0.0102551 -0.322836 0.195405 -0.28957
3.24691 1.90332 0.287559 3.66566 1.95928 0.637269 0.37987 0.313976 0.428218 -0.0126217 -0.369854 0.20418 -0.34971
3.30119 1.91877 0.709931 3.70291 1.98688 0.639872 0.363655 0.0647924 0.430765 0.0686304 -0.362925 0.185231 0.0700589
3.34027 1.94027 0.795534 3.73641 2.01203 0.649469 0.337099 0.243389 0.412937 0.0993958 -0.358886 0.182422 0.146065
3.32757 1.93587 0.496563 3.76503 2.03393 0.658012 0.324888 0.410859 0.391882 0.108862 -0.406097 0.189937 -0.161449
3.37686 1.95907 0.860413 3.79849 2.06007 0.67091 0.280827 0.286342 0.381355 0.146727 -0.393039 0.183019 0.189503
3.36631 1.95499 0.664294 3.82743 2.08339 0.687038 0.296097 0.389962 0.366074 0.173548 -0.437945 0.193206 -0.0227443
3.4031 1.97966 0.819606 3.85187 2.10369 0.701533 0.284122 0.298257 0.349094 0.175126 -0.422843 0.194892 0.118073
3.44338 2.01323 1.16827 3.87743 2.12565 0.719436 0.242365 0.109415 0.330247 0.180648 -0.400563 0.201471 0.448832
3.43918 2.01095 0.968846 3.90124 2.14683 0.737268 0.247368 0.169283 0.306646 0.16566 -0.433415 0.210033 0.231578
3.47068 2.04609 1.07931 3.92299 2.16691 0.755254 0.23052 0.0441491 0.291025 0.187748 -0.412145 0.222085 0.32406
3.48964 2.08023 1.08388 3.94295 2.186 0.773051 0.246374 0.113704 0.268103 0.168026 -0.398334 0.240852 0.310833
3.49745 2.08232 1.12341 3.96138 2.20426 0.789865 0.225368 -0.0888406 0.257576 0.156982 -0.413185 0.243671 0.333543
3.52051 2.11852 1.07532 3.97893 2.22215 0.800255 0.244746 -0.174644 0.251463 0.0780967 -0.393664 0.256746 0.275065
3.5485 2.16393 0.787988 3.99639 2.24021 0.802136 0.269501 -0.0753405 0.250615 -0.00631082 -0.366191 0.268942 -0.0141484
3.54279 2.15563 0.954027 4.01396 2.25829 0.797793 0.278647 -0.218268 0.252652 -0.0173548 -0.4025 0.26558 0.156234
3.57859 2.20178 0.649832 4.03276 2.27743 0.788351 0.273714 -0.195633 0.271329 -0.118328 -0.373848 0.26876 -0.138519
3.61147 2.24163 0.626555 4.05195 2.29645 0.770992 0.275291 -0.217487 0.274216 -0.175915 -0.354119 0.267636 -0.144437
3.60028 2.23168 0.647473 4.07183 2.31542 0.750403 0.309064 -0.259085 0.274216 -0.223246 -0.402003 0.260325 -0.10293
3.65117 2.26728 0.526565 4.0925 2.33432 0.729163 0.282633 -0.216239 0.283215 -0.214569 -0.373781 0.244038 -0.202598
3.68874 2.28794 0.420939 4.11431 2.35343 0.707296 0.286822 -0.165455 0.284403 -0.210624 -0.366037 0.226747 -0.286357
3.68386 2.29626 0.36634 4.13593 2.37156 0.687902 0.290671 -0.0666173 0.284403 -0.171182 -0.397072 0.228842 -0.321561
3.72737 2.31134 0.295401 4.15823 2.38963 0.673549 0.292161 -0.0286907 0.286611 -0.105707 -0.38561 0.207562 -0.378148
3.75925 2.32789 0.242515 4.18081 2.40753 0.667443 0.294635 0.0407692 0.291704 -0.0425982 -0.380397 0.198383 -0.424927
3.76429 2.33431 0.181172 4.20596 2.42732 0.667372 0.246527 0.347154 0.294761 0.0410205 -0.404476 0.200303 -0.4862
3.80269 2.34432 0.197482 4.22893 2.44551 0.674554 0.25097 0.14739 0.293402 0.0946626 -0.396095 0.187179 -0.477072
3.79834 2.346 0.201082 4.25123 2.46354 0.686979 0.2084 0.449233 0.283045 0.131739 -0.424709 0.196345 -0.485897
3.83278 2.35691 0.293713 4.27215 2.48091 0.701557 0.188701 0.472528 0.267933 0.160927 -0.415636 0.188849 -0.407844
3.88214 2.37552 0.729243 4.28988 2.49612 0.718288 0.17141 0.319132 0.25469 0.195636 -0.386372 0.177532 0.0109543
3.87127 2.37015 0.448157 4.30977 2.51384 0.739848 0.162423 0.474017 0.234314 0.18617 -0.420735 0.189498 -0.291691
3.91178 2.38806 0.652157 4.32465 2.52764 0.757562 0.166334 0.398813 0.225315 0.191692 -0.395864 0.182303 -0.105404
3.95572 2.4169 1.00521 4.33964 2.54211 0.781215 0.129745 0.180933 0.20494 0.232712 -0.360774 0.181423 0.223992
3.95123 2.41176 0.890147 4.35317 2.55582 0.805674 0.147835 0.260821 0.188131 0.239812 -0.382305 0.190138 0.0844726
3.9847 2.44075 1.08303 4.36509 2.56852 0.830878 0.136579 0.0597899 0.170982 0.246912 -0.350826 0.19478 0.252152
