-0.0490014 0.788603 -0.254531 -5.6032e-05 0.5 7.09971e-05 0.0375432 -0.00185758 0 0 -0.0489249 -0.0113941 -0.254602
-0.0490014 0.788603 -0.254531 -5.34851e-05 0.5 5.91642e-05 0.0424674 -0.00446655 0 0 -0.0489309 -0.0113946 -0.127325
-0.0360674 0.792298 -0.391377 0.00140334 0.500001 0.000272155 0.122909 0.0990073 0.0134136 0.000788856 -0.0373912 -0.00769258 -0.215575
-0.0206542 0.793051 -0.412437 0.00720007 0.500001 -0.000366818 0.166543 0.119231 0.0142626 0.00157771 -0.0279618 -0.00695978 -0.264219
-0.00681657 0.794574 -0.446161 0.0169776 0.500001 0.000141994 0.238004 0.153011 0.0725016 0.00394428 -0.0237523 -0.00542341 -0.312636
0.00811292 0.796151 -0.407111 0.0305373 0.500005 0.000449648 0.246954 0.125216 0.104423 0.00709969 -0.0222912 -0.00384374 -0.351089
0.0269213 0.795668 -0.386 0.0495167 0.50001 0.000236658 0.271648 0.0921022 0.133797 -0.00631085 -0.0225254 -0.00433683 -0.349531
0.0503522 0.792023 -0.331537 0.0713462 0.500018 0.000366819 0.280339 0.0329766 0.166397 0 -0.0208869 -0.00798677 -0.329436
0.0770252 0.784511 -0.333909 0.0971717 0.500027 0.00036682 0.304831 0.00631757 0.195941 -0.00157772 -0.0200421 -0.015509 -0.301373
0.102322 0.773682 -0.315372 0.126741 0.500036 0.000390484 0.312488 -0.0327206 0.223278 0.00552197 -0.0243128 -0.0263443 -0.278462
0.131089 0.76186 -0.327903 0.163136 0.500054 0.000674471 0.333821 -0.0373939 0.25435 0.00631082 -0.0318705 -0.0381719 -0.264222
0.162098 0.746765 -0.435436 0.201095 0.500082 0.000532477 0.392622 0.036359 0.279649 -0.00394425 -0.0388657 -0.0532965 -0.290055
0.188593 0.735476 -0.416872 0.243226 0.500113 0.000816464 0.37923 0.0272307 0.311231 -0.00552201 -0.0544406 -0.0645922 -0.31108
0.215372 0.725354 -0.268801 0.29271 0.500148 0.00059164 0.338066 -0.0248899 0.342473 0.016566 -0.0772047 -0.0747484 -0.299212
0.246981 0.719492 0.327267 0.340573 0.500169 -0.000863799 0.360845 0.0265214 0.337549 -0.0205103 -0.0937823 -0.0807584 -0.133964
0.281159 0.717785 0.452941 0.388806 0.500053 -0.00289905 0.321932 -0.0237161 0.353849 0.00315544 -0.108279 -0.0825801 0.0901657
0.315045 0.717123 0.53481 0.4376 0.499928 -0.00181043 0.113133 -0.312474 0.338228 -0.00473313 -0.122947 -0.0830273 0.326998
0.344855 0.717821 0.306393 0.485573 0.499883 -0.000319489 0.186336 -0.136003 0.308174 0.00867745 -0.140787 -0.0821069 0.469305
0.387927 0.727222 0.21427 0.526397 0.499911 0.00184592 0.195116 -0.07009 0.2788 0.00315544 -0.13805 -0.0724333 0.43889
0.431757 0.741813 0.19295 0.563151 0.500004 0.00365634 0.179515 -0.0542772 0.252312 0.00788857 -0.130509 -0.0577131 0.372082
0.481313 0.757464 0.0629372 0.59816 0.500152 0.00538394 0.218086 0.0388563 0.222768 0.00631085 -0.115461 -0.0420627 0.252386
0.525813 0.769093 -0.0182342 0.628705 0.500357 0.00960826 0.227613 0.0967225 0.218863 0.0528533 -0.100305 -0.0302873 0.167005
0.575303 0.774738 -0.0401403 0.659698 0.500759 0.0184356 0.171739 0.0272944 0.223617 0.0907184 -0.0793294 -0.0245121 0.0945753
0.628856 0.77506 -0.130508 0.68993 0.501495 0.0314043 0.170555 -0.00192516 0.207657 0.0938738 -0.0524545 -0.0246525 0.000742134
0.682827 0.772209 -0.164447 0.718786 0.50259 0.0446098 0.171018 -0.0645082 0.185754 0.0631085 -0.0239 -0.0290452 -0.0693093
0.731549 0.773706 -0.187232 0.743999 0.50375 0.0448938 0.187017 -0.139949 0.178962 -0.0236657 -0.000322504 -0.0297572 -0.111843
0.780597 0.769581 -0.22983 0.768732 0.504756 0.0338301 0.214865 -0.1765 0.181169 -0.0954515 0.0208155 -0.0357281 -0.148202
0.829639 0.757846 -0.27624 0.797923 0.505479 0.014649 0.248751 -0.179909 0.202393 -0.132528 0.0354099 -0.0481241 -0.165454
0.873063 0.744893 -0.28855 0.8285 0.505631 -0.00615308 0.275185 -0.167646 0.224466 -0.16566 0.0430907 -0.060468 -0.175677
0.907271 0.73887 -0.168315 0.863247 0.505076 -0.0269434 0.271144 -0.163755 0.26267 -0.152249 0.0377095 -0.0651045 -0.150158
0.943571 0.728514 -0.0124052 0.900876 0.503679 -0.0489879 0.356855 0.00462423 0.269462 -0.152249 0.0316336 -0.0733447 -0.0737568
0.976898 0.716126 0.138467 0.942819 0.501134 -0.0736121 0.479305 0.225431 0.291025 -0.16566 0.0181747 -0.0830846 0.054544
1.00787 0.715594 0.429881 0.985951 0.497479 -0.0965441 0.40539 0.125894 0.32006 -0.166449 0.000789545 -0.0807876 0.257084
1.04238 0.718878 0.619191 1.03282 0.492425 -0.118932 0.243458 -0.0916083 0.347566 -0.128583 -0.017373 -0.0740117 0.476348
1.06982 0.720962 0.426329 1.08336 0.485947 -0.1379 0.187614 -0.114907 0.32821 -0.120695 -0.0457099 -0.0690764 0.605
1.09653 0.729691 0.414531 1.12657 0.479593 -0.155554 0.142902 -0.0973225 0.300194 -0.115173 -0.0684282 -0.0575772 0.69167
1.1296 0.747196 0.585061 1.16571 0.473126 -0.173907 -0.00700888 -0.215289 0.273706 -0.135683 -0.0829931 -0.0363131 0.748818
1.16786 0.770084 0.596474 1.20071 0.466685 -0.191775 0.136258 0.0590348 0.24637 -0.120695 -0.0900774 -0.00842475 0.761006
1.19815 0.781476 0.288221 1.23375 0.459977 -0.210494 0.288007 0.447134 0.214958 -0.113595 -0.101987 0.00696493 0.745199
1.23679 0.796491 0.355112 1.26178 0.453784 -0.222564 0.242433 0.445363 0.203072 -0.0457536 -0.100017 0.0287385 0.742414
1.2842 0.804542 -0.00250589 1.28972 0.447485 -0.216789 0.14321 0.303075 0.206299 0.100185 -0.0821927 0.0475126 0.589747
1.33057 0.814895 -0.0811819 1.31822 0.44147 -0.197135 0.129843 0.230201 0.186772 0.134105 -0.0610196 0.0686128 0.400679
1.36592 0.823779 -0.131967 1.34134 0.437066 -0.176688 0.137991 0.175752 0.161473 0.150671 -0.043773 0.0850129 0.275185
1.41044 0.825428 -0.133422 1.36109 0.433734 -0.154572 0.133201 0.126279 0.13906 0.169604 -0.0115499 0.0946204 0.130936
1.45915 0.820729 -0.123074 1.38002 0.430981 -0.13422 0.13604 0.0728711 0.134476 0.126217 0.0262687 0.0968326 0.0804412
1.50232 0.820631 -0.106565 1.40003 0.428434 -0.120352 0.156492 0.0450352 0.135834 0.0662639 0.0544572 0.101641 0.0602274
1.54426 0.812452 -0.157785 1.42032 0.426087 -0.110105 0.197854 0.0576187 0.153663 0.0670527 0.0807328 0.0976436 0.0435257
1.58159 0.809085 0.0130328 1.44332 0.423611 -0.103904 0.164543 -0.00345365 0.176245 0.0583753 0.097545 0.0977361 0.073939
1.61634 0.809151 0.204565 1.46956 0.420952 -0.0981652 0.22088 0.0915476 0.170472 0.0189325 0.108024 0.100715 0.15011
1.64614 0.809039 0.424734 1.49406 0.418546 -0.0978575 0.380621 0.323059 0.183207 0.00394428 0.113199 0.103484 0.282627
1.67457 0.810035 0.548162 1.52255 0.415759 -0.0971949 0.386525 0.358216 0.214109 0.0102551 0.11305 0.107168 0.458451
1.70444 0.819479 0.703734 1.55489 0.412613 -0.0966033 0.33931 0.308938 0.245351 0.0118328 0.109612 0.119395 0.630535
1.73236 0.831711 0.818892 1.59367 0.408865 -0.0963074 0.304279 0.24693 0.272688 -0.00473313 0.0973837 0.134222 0.78382
1.75563 0.844969 0.841017 1.63222 0.40527 -0.0859774 0.295209 0.33641 0.276083 0.11044 0.0851978 0.148672 0.877561
1.78016 0.869719 0.816835 1.67147 0.402285 -0.0607498 0.29265 0.419534 0.27897 0.218513 0.0801117 0.17317 0.919502
1.81159 0.904023 0.800038 1.71367 0.400576 -0.0138799 0.279646 0.486432 0.279819 0.345519 0.0909227 0.204758 0.896708
1.85159 0.942221 0.730019 1.75349 0.401089 0.0464675 0.324919 0.609067 0.282026 0.466214 0.123128 0.235991 0.814142
1.88463 0.969691 0.68545 1.79368 0.404237 0.11382 0.311865 0.563063 0.300703 0.500923 0.154583 0.251465 0.707898
1.91998 0.996457 0.60105 1.83601 0.410538 0.188036 0.226891 0.401801 0.309702 0.54431 0.192016 0.259894 0.579736
1.95623 1.02255 0.371976 1.88009 0.420703 0.272404 0.299163 0.461151 0.289158 0.557721 0.235262 0.259166 0.388353
1.99394 1.04933 0.373834 1.9183 0.432848 0.346383 0.319177 0.378238 0.288988 0.511178 0.280445 0.254189 0.225328
2.03352 1.07107 0.37239 1.95734 0.448327 0.41157 0.334234 0.281801 0.30393 0.444915 0.318946 0.240262 0.0818756
2.07296 1.09146 0.290903 1.99984 0.468317 0.469266 0.388849 0.20821 0.316324 0.355774 0.347026 0.22271 -0.053358
2.11357 1.10936 0.205655 2.04079 0.490265 0.517059 0.432294 0.170031 0.346208 0.352618 0.369297 0.202195 -0.142731
2.15263 1.12315 0.142219 2.08404 0.516157 0.564698 0.408993 0.08715 0.373884 0.348674 0.382781 0.176047 -0.248274
2.19993 1.12987 0.127836 2.12826 0.545469 0.606279 0.516226 0.0853282 0.382034 0.266633 0.391893 0.139407 -0.350993
2.23645 1.13737 0.627646 2.17606 0.579709 0.63837 0.392678 -0.102157 0.408352 0.223246 0.380807 0.111854 -0.298898
2.264 1.14348 0.440752 2.22131 0.614144 0.661266 0.63261 0.143848 0.41056 0.107284 0.358766 0.0915474 -0.26302
2.29861 1.15068 0.441755 2.26738 0.650383 0.672093 0.726282 0.239538 0.428218 0.0678416 0.335931 0.0720514 -0.198963
2.32522 1.15145 0.549517 2.31973 0.692432 0.682506 0.712002 0.306633 0.449442 0.0575865 0.293772 0.0527348 -0.103956
2.34537 1.15808 0.779724 2.37134 0.734783 0.692528 0.61216 0.236074 0.485778 0.0749413 0.250277 0.0423647 -0.0759588
2.36744 1.17409 1.05894 2.42562 0.780259 0.702728 0.444986 -0.0554216 0.513454 0.0378652 0.210136 0.0381318 0.0683879
2.38166 1.19053 1.08494 2.4806 0.82722 0.712372 0.399917 -0.0512001 0.505134 0.0812521 0.162592 0.0396239 0.219539
2.39675 1.21439 1.00976 2.53579 0.875341 0.722655 0.380066 -0.0181739 0.477458 0.0725747 0.119952 0.0462629 0.324318
2.41155 1.23896 0.97173 2.58382 0.918067 0.732121 0.358136 0.00776699 0.454027 0.0725747 0.0863736 0.0538249 0.362853
2.42626 1.27 0.917482 2.62851 0.958606 0.741895 0.347789 0.042136 0.419559 0.0812521 0.0613043 0.0662202 0.317715
2.44798 1.31119 0.865154 2.67272 0.999491 0.751787 0.35092 0.0624701 0.389845 0.0757301 0.0487134 0.0811716 0.252878
2.47402 1.35174 0.833682 2.7106 1.03523 0.761561 0.370036 0.0850415 0.36115 0.0749413 0.0471839 0.0923351 0.199084
2.49613 1.38502 0.828666 2.74699 1.07022 0.770921 0.386365 0.0760041 0.369979 0.0717858 0.0394217 0.100598 0.153958
2.52217 1.41448 0.68568 2.78481 1.10743 0.783428 0.27928 -0.0702282 0.389505 0.022088 0.0306096 0.10289 0.0835002
2.55001 1.44175 0.514653 2.82458 1.14741 0.794516 0.242734 -0.0542301 0.362678 0.0757301 0.0176461 0.102132 -0.0152123
2.58409 1.48064 0.537702 2.85829 1.18208 0.805035 0.218997 -0.076502 0.338398 0.0812521 0.0251693 0.104585 -0.0997268
2.61324 1.49939 0.53391 2.88916 1.21451 0.815318 0.19654 -0.115074 0.31157 0.0733636 0.0181966 0.0961752 -0.183699
2.64494 1.521 0.415658 2.91874 1.24625 0.826938 0.245763 -0.0903473 0.279479 0.0773078 0.0167757 0.0875244 -0.262824
2.67542 1.54273 0.327444 2.94422 1.27412 0.831647 0.307927 -0.108161 0.267764 0.00394425 0.0174423 0.0796037 -0.314336
2.71285 1.5591 0.207796 2.96973 1.30206 0.829387 0.377797 -0.0903616 0.284403 -0.0228768 0.0160902 0.0630419 -0.394552
2.75411 1.57181 0.246291 2.99769 1.33248 0.825624 0.335902 -0.119849 0.310382 -0.00157769 0.0107348 0.0413136 -0.462694
2.7883 1.5838 0.576233 3.03042 1.36783 0.81901 0.193195 -0.329782 0.325833 -0.0859853 -0.00759379 0.0243591 -0.415936
2.81559 1.60204 0.682928 3.06112 1.40029 0.806206 0.387372 -0.047976 0.305118 -0.0907184 -0.0243707 0.0168519 -0.314262
2.84746 1.61917 0.776664 3.09133 1.43142 0.79364 0.368443 -0.0383832 0.316664 -0.0986069 -0.0371668 0.00551948 -0.159478
2.88975 1.63159 0.910232 3.12697 1.46715 0.779594 0.295098 -0.116966 0.346548 -0.0749413 -0.0531054 -0.0162916 0.0205529
2.9117 1.66231 1.08167 3.16149 1.5009 0.766637 0.226392 -0.181098 0.335511 -0.112017 -0.0679401 -0.0104603 0.159868
2.92836 1.69353 1.16809 3.19367 1.53152 0.753278 0.152615 -0.194088 0.308174 -0.0859853 -0.0827014 -0.000344182 0.294518
2.94776 1.73136 1.08005 3.22332 1.559 0.74025 0.15117 -0.142314 0.278291 -0.0828298 -0.0871916 0.0131144 0.383392
2.97542 1.76784 1.02894 3.25226 1.58509 0.726134 0.143931 -0.102201 0.247388 -0.0859853 -0.0856694 0.0204623 0.427186
3.00319 1.81143 0.949423 3.27634 1.60623 0.713248 0.184798 -0.0353631 0.220561 -0.0891407 -0.0723138 0.0339001 0.407012
3.03348 1.85301 0.762605 3.29787 1.62464 0.701143 0.104583 -0.09468 0.192885 -0.0915073 -0.0547064 0.0450567 0.317745
3.06138 1.8931 0.503397 3.31859 1.64199 0.692244 0.127169 -0.0425953 0.169453 -0.0662638 -0.0377265 0.0574757 0.18248
3.10244 1.93422 0.510281 3.33496 1.65546 0.684068 0.122886 -0.0651958 0.144324 -0.059953 -0.00404108 0.0629908 0.0609915
3.14836 1.96702 0.473719 3.34884 1.66668 0.675371 0.142279 -0.0808685 0.123609 -0.0662639 0.0312914 0.0597451 -0.0492374
3.19071 1.99559 0.454623 3.36331 1.67817 0.665952 0.179282 -0.101645 0.13923 -0.0725747 0.0603822 0.0562309 -0.116814
3.23373 2.02128 0.444579 3.3813 1.69212 0.653504 0.207631 -0.11833 0.161473 -0.0812521 0.0829576 0.0510512 -0.11907
3.27508 2.04477 0.406439 3.40147 1.70739 0.64231 0.256902 -0.110096 0.192376 -0.076519 0.100906 0.0458522 -0.133837
3.31645 2.06251 0.666317 3.42492 1.72474 0.630584 0.187421 -0.196225 0.21343 -0.0938738 0.111547 0.0367581 -0.0739611
3.34808 2.0838 0.629516 3.45144 1.74387 0.617331 0.388206 0.042841 0.210374 -0.0859853 0.112488 0.0370296 -0.016985
3.37934 2.09778 0.767297 3.47624 1.76121 0.602386 0.394492 0.0900512 0.224466 -0.118328 0.110853 0.0322351 0.0786393
3.41164 2.11565 0.970764 3.50448 1.78033 0.58698 0.298832 -0.0142223 0.25435 -0.112018 0.108423 0.0306133 0.235127
3.43757 2.13857 0.979627 3.53639 1.80122 0.572011 0.305737 0.0283908 0.275914 -0.100185 0.0995279 0.0371352 0.328423
3.46275 2.16321 1.13037 3.57292 1.82452 0.564544 0.219251 -0.0362329 0.295779 -0.0252433 0.0881318 0.0450738 0.461103
3.48052 2.1882 1.10853 3.60665 1.84586 0.563787 0.197063 -0.0120388 0.277612 -0.00867745 0.0763286 0.056767 0.547168
3.50018 2.22059 1.02533 3.63747 1.86534 0.563302 0.200159 0.032512 0.248577 -0.00473313 0.0736151 0.0736759 0.561295
3.52785 2.26249 0.881468 3.66673 1.88379 0.562426 0.259691 0.132428 0.22158 0.00867741 0.0844496 0.0944219 0.537631
3.56106 2.29029 0.67915 3.69305 1.90038 0.562663 0.147532 -0.00342985 0.230239 0.00315544 0.0963412 0.100207 0.424589
3.59112 2.32312 0.640216 3.71993 1.91735 0.565456 0.137366 -0.0231748 0.218524 0.0323431 0.108651 0.111625 0.304719
3.62859 2.35345 0.4417 3.74353 1.93237 0.568449 0.212853 0.0397041 0.191696 0.0197214 0.129814 0.116726 0.155817
3.66878 2.38731 0.388151 3.76759 1.94778 0.571455 0.274522 0.0495627 0.201714 0.0283988 0.154614 0.123131 0.029482
3.70858 2.41745 0.342719 3.79299 1.9642 0.576555 0.355396 0.0377134 0.225315 0.0134105 0.176324 0.12599 -0.0597256
3.75454 2.44338 0.344021 3.822 1.98311 0.579454 0.387238 0.0243104 0.257406 0.0331319 0.195578 0.122072 -0.136673
3.80421 2.46989 0.350094 3.85658 2.00581 0.582684 0.39382 -0.0041957 0.286611 0.0315542 0.211644 0.11632 -0.162805
3.85387 2.49217 0.6919 3.89215 2.02933 0.585773 0.352939 -0.048217 0.313947 0.0212991 0.22398 0.106835 -0.0899564
3.89482 2.5164 0.75931 3.93089 2.05514 0.588612 0.485209 0.0774441 0.340605 0.00315538 0.226088 0.10366 0.0113515
3.9377 2.53903 0.826099 3.97208 2.08258 0.586731 0.464327 0.0644653 0.369979 -0.00394425 0.224077 0.0991487 0.133752
3.97842 2.56911 0.95692 4.01998 2.11436 0.584447 0.400452 -0.00318728 0.39358 -0.0189326 0.216241 0.102201 0.287743
4.01504 2.59935 1.00098 4.06661 2.14516 0.583264 0.375197 -0.00244055 0.400542 0.0197214 0.207103 0.107495 0.366196
4.0371 2.62739 1.04015 4.11197 2.17509 0.583075 0.344833 -0.0267688 0.379997 -0.0189326 0.186535 0.118793 0.436597
4.06647 2.66618 1.03784 4.15779 2.20529 0.582874 0.311211 -0.00906491 0.356565 0.00157769 0.177442 0.135053 0.489733
4.09715 2.71612 0.90659 4.19731 2.2313 0.581951 0.342018 0.0710363 0.325323 0.00157769 0.18281 0.160064 0.478074
4.12291 2.758 0.80134 4.23539 2.25633 0.581548 0.409382 0.163447 0.333813 0.0252434 0.181589 0.180986 0.428566
4.12291 2.758 0.80134 4.27523 2.28263 0.585583 0.428565 0.19036 0.359622 0.0583753 0.135787 0.180356 0.364828
4.12291 2.758 0.80134 4.32211 2.31394 0.59221 0.446812 0.182875 0.390184 0.0520645 0.0825997 0.179633 0.299076
4.12291 2.758 0.80134 4.36885 2.34559 0.598256 0.458372 0.175079 0.417861 0.0496979 0.0290416 0.179295 0.266717
4.12291 2.758 0.80134 4.41804 2.37941 0.607202 0.459466 0.172999 0.43518 0.0560087 -0.0263601 0.179315 0.257771
